filename,dance_genre,situation,camera_id,dancer_id,music_id,choreo_id,music_tempo,estimated_bpm_per_window_x,estimated_bpm_per_window_y,bpm_avg_x,bpm_avg_y,bpm_avg_xy,bpm_mode_x,bpm_mode_y,bpm_mode_xy,bpm_median_x,bpm_median_y,bpm_median_xy
gKR_sBM_cAll_d28_mKR3_ch03,gKR,sBM,cAll,d28,mKR3,ch03,110,[108. 111.],[110. 110.],109.5,110.0,109.75,108.0,110.0,110.0,109.5,110.0,110.0
gHO_sBM_cAll_d20_mHO5_ch01,gHO,sBM,cAll,d20,mHO5,ch01,135,[ 89. 130.],[139. 128.],109.5,133.5,121.5,89.0,128.0,89.0,109.5,133.5,129.0
gKR_sBM_cAll_d28_mKR2_ch03,gKR,sBM,cAll,d28,mKR2,ch03,100,[ 95. 103.],[106.  77.],99.0,91.5,95.25,95.0,77.0,77.0,99.0,91.5,99.0
gPO_sBM_cAll_d10_mPO3_ch03,gPO,sBM,cAll,d10,mPO3,ch03,110,[ 72. 101.],[102. 106.],86.5,104.0,95.25,72.0,102.0,72.0,86.5,104.0,101.5
gJS_sBM_cAll_d01_mJS3_ch03,gJS,sBM,cAll,d01,mJS3,ch03,110,[83. 92.],[117. 137.],87.5,127.0,107.25,83.0,117.0,83.0,87.5,127.0,104.5
gHO_sBM_cAll_d21_mHO5_ch10,gHO,sBM,cAll,d21,mHO5,ch10,135,[108.  70.],[134. 139.],89.0,136.5,112.75,70.0,134.0,70.0,89.0,136.5,121.0
gWA_sFM_cAll_d27_mWA1_ch16,gWA,sFM,cAll,d27,mWA1,ch16,90,[140. 137.  99. 126.  78. 126.  74.],[ 90. 112. 117.  95. 130.  86.  74.],111.43,100.57,106.0,126.0,74.0,74.0,126.0,95.0,105.5
gBR_sBM_cAll_d06_mBR2_ch05,gBR,sBM,cAll,d06,mBR2,ch05,100,[113. 123.],[ 99. 101.],118.0,100.0,109.0,113.0,99.0,99.0,118.0,100.0,107.0
gMH_sBM_cAll_d23_mMH0_ch05,gMH,sBM,cAll,d23,mMH0,ch05,80,[114. 130.],[103. 132.],122.0,117.5,119.75,114.0,103.0,103.0,122.0,117.5,122.0
gLO_sBM_cAll_d14_mLO0_ch01,gLO,sBM,cAll,d14,mLO0,ch01,80,[88. 74.],[ 75. 144.],81.0,109.5,95.25,74.0,75.0,74.0,81.0,109.5,81.5
gHO_sBM_cAll_d20_mHO0_ch01,gHO,sBM,cAll,d20,mHO0,ch01,110,[ 77. 144.],[104. 109.],110.5,106.5,108.5,77.0,104.0,77.0,110.5,106.5,106.5
gLO_sBM_cAll_d13_mLO1_ch02,gLO,sBM,cAll,d13,mLO1,ch02,90,[113.  89.],[110.  97.],101.0,103.5,102.25,89.0,97.0,89.0,101.0,103.5,103.5
gPO_sBM_cAll_d12_mPO5_ch08,gPO,sBM,cAll,d12,mPO5,ch08,130,[122. 137.],[135. 106.],129.5,120.5,125.0,122.0,106.0,106.0,129.5,120.5,128.5
gKR_sBM_cAll_d30_mKR5_ch08,gKR,sBM,cAll,d30,mKR5,ch08,130,[104. 144.],[93. 96.],124.0,94.5,109.25,104.0,93.0,93.0,124.0,94.5,100.0
gBR_sBM_cAll_d06_mBR5_ch04,gBR,sBM,cAll,d06,mBR5,ch04,130,[113.  90.],[125. 136.],101.5,130.5,116.0,90.0,125.0,90.0,101.5,130.5,119.0
gJS_sBM_cAll_d01_mJS2_ch03,gJS,sBM,cAll,d01,mJS2,ch03,100,[ 81. 138.],[125. 139.],109.5,132.0,120.75,81.0,125.0,81.0,109.5,132.0,131.5
gBR_sBM_cAll_d04_mBR1_ch03,gBR,sBM,cAll,d04,mBR1,ch03,90,[92. 90.],[92. 91.],91.0,91.5,91.25,90.0,91.0,92.0,91.0,91.5,91.5
gJS_sBM_cAll_d02_mJS0_ch10,gJS,sBM,cAll,d02,mJS0,ch10,80,[ 70. 111.],[118.  70.],90.5,94.0,92.25,70.0,70.0,70.0,90.5,94.0,90.5
gLO_sBM_cAll_d15_mLO4_ch01,gLO,sBM,cAll,d15,mLO4,ch01,120,[122.  90.],[103. 111.],106.0,107.0,106.5,90.0,103.0,90.0,106.0,107.0,107.0
gPO_sBM_cAll_d10_mPO1_ch02,gPO,sBM,cAll,d10,mPO1,ch02,90,[79. 70.],[92. 91.],74.5,91.5,83.0,70.0,91.0,70.0,74.5,91.5,85.0
gJS_sBM_cAll_d02_mJS4_ch08,gJS,sBM,cAll,d02,mJS4,ch08,120,[89. 90.],[123. 118.],89.5,120.5,105.0,89.0,118.0,89.0,89.5,120.5,104.0
gBR_sBM_cAll_d05_mBR4_ch06,gBR,sBM,cAll,d05,mBR4,ch06,120,[ 70. 144.],[123. 124.],107.0,123.5,115.25,70.0,123.0,70.0,107.0,123.5,123.5
gJS_sBM_cAll_d02_mJS5_ch03,gJS,sBM,cAll,d02,mJS5,ch03,130,[113. 118.],[103.  93.],115.5,98.0,106.75,113.0,93.0,93.0,115.5,98.0,108.0
gBR_sBM_cAll_d06_mBR3_ch06,gBR,sBM,cAll,d06,mBR3,ch06,110,[135. 111.],[89. 83.],123.0,86.0,104.5,111.0,83.0,83.0,123.0,86.0,100.0
gBR_sBM_cAll_d04_mBR2_ch07,gBR,sBM,cAll,d04,mBR2,ch07,100,[78. 76.],[84. 76.],77.0,80.0,78.5,76.0,76.0,76.0,77.0,80.0,77.0
gPO_sBM_cAll_d11_mPO1_ch01,gPO,sBM,cAll,d11,mPO1,ch01,90,[93. 88.],[96. 89.],90.5,92.5,91.5,88.0,89.0,88.0,90.5,92.5,91.0
gBR_sBM_cAll_d04_mBR0_ch05,gBR,sBM,cAll,d04,mBR0,ch05,80,[ 80. 121.],[83. 80.],100.5,81.5,91.0,80.0,80.0,80.0,100.5,81.5,81.5
gKR_sBM_cAll_d30_mKR5_ch01,gKR,sBM,cAll,d30,mKR5,ch01,130,[144.  94.],[143. 113.],119.0,128.0,123.5,94.0,113.0,94.0,119.0,128.0,128.0
gMH_sBM_cAll_d22_mMH1_ch06,gMH,sBM,cAll,d22,mMH1,ch06,90,[72. 70.],[86. 91.],71.0,88.5,79.75,70.0,86.0,70.0,71.0,88.5,79.0
gJS_sBM_cAll_d03_mJS3_ch09,gJS,sBM,cAll,d03,mJS3,ch09,110,[ 75. 121.],[117. 115.],98.0,116.0,107.0,75.0,115.0,75.0,98.0,116.0,116.0
gHO_sBM_cAll_d21_mHO2_ch08,gHO,sBM,cAll,d21,mHO2,ch08,120,[95. 90.],[118. 119.],92.5,118.5,105.5,90.0,118.0,90.0,92.5,118.5,106.5
gJB_sFM_cAll_d09_mJB0_ch15,gJB,sFM,cAll,d09,mJB0,ch15,80,[144.  70. 139. 101.  90. 106. 123.],[ 94. 119. 144. 103.  72.  90.  98.],110.43,102.86,106.64285714285714,70.0,72.0,90.0,106.0,98.0,102.0
gLO_sBM_cAll_d15_mLO4_ch09,gLO,sBM,cAll,d15,mLO4,ch09,120,[92. 96.],[ 90. 115.],94.0,102.5,98.25,92.0,90.0,90.0,94.0,102.5,94.0
gWA_sFM_cAll_d25_mWA0_ch01,gWA,sFM,cAll,d25,mWA0,ch01,80,[ 95.  78. 121. 116.  94.  94. 111.],[111.  88. 120.  94.  87. 139.  86.],101.29,103.57,102.42857142857143,94.0,86.0,94.0,95.0,94.0,94.5
gWA_sBM_cAll_d27_mWA5_ch01,gWA,sBM,cAll,d27,mWA5,ch01,130,[ 94. 102.],[ 88. 134.],98.0,111.0,104.5,94.0,88.0,88.0,98.0,111.0,98.0
gWA_sBM_cAll_d25_mWA0_ch03,gWA,sBM,cAll,d25,mWA0,ch03,80,[118.  80.],[144. 106.],99.0,125.0,112.0,80.0,106.0,80.0,99.0,125.0,112.0
gLH_sFM_cAll_d16_mLH5_ch06,gLH,sFM,cAll,d16,mLH5,ch06,130,[134.  78. 123.  92. 109.],[108. 112. 128.  72. 106.],107.2,105.2,106.2,78.0,72.0,72.0,109.0,108.0,108.5
gBR_sBM_cAll_d04_mBR1_ch06,gBR,sBM,cAll,d04,mBR1,ch06,90,[109.  90.],[97. 91.],99.5,94.0,96.75,90.0,91.0,90.0,99.5,94.0,94.0
gLH_sBM_cAll_d16_mLH0_ch03,gLH,sBM,cAll,d16,mLH0,ch03,80,[87. 79.],[86. 83.],83.0,84.5,83.75,79.0,83.0,79.0,83.0,84.5,84.5
gMH_sBM_cAll_d23_mMH5_ch10,gMH,sBM,cAll,d23,mMH5,ch10,130,[116. 116.],[114. 121.],116.0,117.5,116.75,116.0,114.0,116.0,116.0,117.5,116.0
gKR_sFM_cAll_d28_mKR2_ch03,gKR,sFM,cAll,d28,mKR2,ch03,100,[128. 117. 120.  93.  99.  86.],[109. 104.  94. 102.  98. 120.],107.17,104.5,105.83333333333333,86.0,94.0,120.0,108.0,103.0,103.0
gPO_sBM_cAll_d10_mPO2_ch05,gPO,sBM,cAll,d10,mPO2,ch05,100,[106.  74.],[ 84. 120.],90.0,102.0,96.0,74.0,84.0,74.0,90.0,102.0,95.0
gWA_sBM_cAll_d26_mWA5_ch01,gWA,sBM,cAll,d26,mWA5,ch01,130,[139.  96.],[112. 133.],117.5,122.5,120.0,96.0,112.0,96.0,117.5,122.5,122.5
gLO_sBM_cAll_d14_mLO4_ch10,gLO,sBM,cAll,d14,mLO4,ch10,120,[116. 116.],[117. 115.],116.0,116.0,116.0,116.0,115.0,116.0,116.0,116.0,116.0
gLH_sBM_cAll_d18_mLH3_ch03,gLH,sBM,cAll,d18,mLH3,ch03,110,[111.  77.],[115.  74.],94.0,94.5,94.25,77.0,74.0,74.0,94.0,94.5,94.0
gJS_sBM_cAll_d03_mJS4_ch04,gJS,sBM,cAll,d03,mJS4,ch04,120,[144.  76.],[137.  70.],110.0,103.5,106.75,76.0,70.0,70.0,110.0,103.5,106.5
gBR_sFM_cAll_d06_mBR4_ch18,gBR,sFM,cAll,d06,mBR4,ch18,120,[ 70. 122.  88.  95.  90.],[123. 120.  90. 112. 116.],93.0,112.2,102.6,70.0,90.0,90.0,90.0,116.0,103.5
gPO_sBM_cAll_d10_mPO0_ch01,gPO,sBM,cAll,d10,mPO0,ch01,80,[80. 80.],[75. 82.],80.0,78.5,79.25,80.0,75.0,80.0,80.0,78.5,80.0
gLO_sBM_cAll_d14_mLO0_ch02,gLO,sBM,cAll,d14,mLO0,ch02,80,[116. 143.],[70. 85.],129.5,77.5,103.5,116.0,70.0,70.0,129.5,77.5,100.5
gBR_sBM_cAll_d05_mBR4_ch01,gBR,sBM,cAll,d05,mBR4,ch01,120,[132. 124.],[130. 119.],128.0,124.5,126.25,124.0,119.0,119.0,128.0,124.5,127.0
gLH_sBM_cAll_d17_mLH5_ch02,gLH,sBM,cAll,d17,mLH5,ch02,130,[127. 129.],[124. 144.],128.0,134.0,131.0,127.0,124.0,124.0,128.0,134.0,128.0
gLO_sBM_cAll_d15_mLO4_ch08,gLO,sBM,cAll,d15,mLO4,ch08,120,[117. 116.],[119. 117.],116.5,118.0,117.25,116.0,117.0,117.0,116.5,118.0,117.0
gLH_sBM_cAll_d17_mLH1_ch09,gLH,sBM,cAll,d17,mLH1,ch09,90,[111. 106.],[86. 94.],108.5,90.0,99.25,106.0,86.0,86.0,108.5,90.0,100.0
gPO_sBM_cAll_d10_mPO1_ch03,gPO,sBM,cAll,d10,mPO1,ch03,90,[115.  77.],[70. 90.],96.0,80.0,88.0,77.0,70.0,70.0,96.0,80.0,83.5
gJB_sBM_cAll_d08_mJB4_ch07,gJB,sBM,cAll,d08,mJB4,ch07,120,[125. 124.],[144.  90.],124.5,117.0,120.75,124.0,90.0,90.0,124.5,117.0,124.5
gPO_sFM_cAll_d11_mPO0_ch08,gPO,sFM,cAll,d11,mPO0,ch08,80,[124. 123. 114. 108.  92.  75. 134.],[ 70. 115.  70.  90. 107. 126. 117.],110.0,99.29,104.64285714285714,75.0,70.0,70.0,114.0,107.0,111.0
gLO_sFM_cAll_d15_mLO5_ch20,gLO,sFM,cAll,d15,mLO5,ch20,130,[133. 127.  95. 143. 122.],[ 90. 131. 106. 103. 144.],124.0,114.8,119.4,95.0,90.0,90.0,127.0,106.0,124.5
gBR_sBM_cAll_d04_mBR2_ch01,gBR,sBM,cAll,d04,mBR2,ch01,100,[75. 74.],[101.  99.],74.5,100.0,87.25,74.0,99.0,74.0,74.5,100.0,87.0
gMH_sBM_cAll_d22_mMH2_ch06,gMH,sBM,cAll,d22,mMH2,ch06,100,[ 72. 121.],[ 95. 100.],96.5,97.5,97.0,72.0,95.0,72.0,96.5,97.5,97.5
gJS_sBM_cAll_d03_mJS5_ch01,gJS,sBM,cAll,d03,mJS5,ch01,130,[94. 94.],[143. 105.],94.0,124.0,109.0,94.0,105.0,94.0,94.0,124.0,99.5
gLO_sBM_cAll_d14_mLO4_ch01,gLO,sBM,cAll,d14,mLO4,ch01,120,[ 70. 115.],[119. 118.],92.5,118.5,105.5,70.0,118.0,70.0,92.5,118.5,116.5
gJB_sBM_cAll_d08_mJB4_ch09,gJB,sBM,cAll,d08,mJB4,ch09,120,[144.  70.],[118. 104.],107.0,111.0,109.0,70.0,104.0,70.0,107.0,111.0,111.0
gMH_sBM_cAll_d23_mMH4_ch06,gMH,sBM,cAll,d23,mMH4,ch06,120,[144. 117.],[124. 118.],130.5,121.0,125.75,117.0,118.0,117.0,130.5,121.0,121.0
gLO_sBM_cAll_d13_mLO1_ch05,gLO,sBM,cAll,d13,mLO1,ch05,90,[90. 92.],[88. 90.],91.0,89.0,90.0,90.0,88.0,90.0,91.0,89.0,90.0
gJB_sBM_cAll_d07_mJB2_ch01,gJB,sBM,cAll,d07,mJB2,ch01,100,[109. 107.],[114.  94.],108.0,104.0,106.0,107.0,94.0,94.0,108.0,104.0,108.0
gJS_sBM_cAll_d02_mJS4_ch05,gJS,sBM,cAll,d02,mJS4,ch05,120,[ 93. 142.],[ 83. 119.],117.5,101.0,109.25,93.0,83.0,83.0,117.5,101.0,106.0
gHO_sFM_cAll_d19_mHO4_ch05,gHO,sFM,cAll,d19,mHO4,ch05,130,[ 74.  90. 112. 123. 137.],[130. 125. 134. 129. 128.],107.2,129.2,118.2,74.0,125.0,74.0,112.0,129.0,126.5
gKR_sBM_cAll_d28_mKR2_ch02,gKR,sBM,cAll,d28,mKR2,ch02,100,[101. 144.],[91. 98.],122.5,94.5,108.5,101.0,91.0,91.0,122.5,94.5,99.5
gLO_sBM_cAll_d13_mLO2_ch10,gLO,sBM,cAll,d13,mLO2,ch10,100,[97. 97.],[ 72. 100.],97.0,86.0,91.5,97.0,72.0,97.0,97.0,86.0,97.0
gJB_sBM_cAll_d09_mJB2_ch09,gJB,sBM,cAll,d09,mJB2,ch09,100,[ 72. 137.],[ 76. 118.],104.5,97.0,100.75,72.0,76.0,72.0,104.5,97.0,97.0
gLO_sBM_cAll_d15_mLO5_ch06,gLO,sBM,cAll,d15,mLO5,ch06,130,[99. 98.],[ 96. 125.],98.5,110.5,104.5,98.0,96.0,96.0,98.5,110.5,98.5
gLO_sBM_cAll_d15_mLO3_ch04,gLO,sBM,cAll,d15,mLO3,ch04,110,[138. 110.],[125. 126.],124.0,125.5,124.75,110.0,125.0,110.0,124.0,125.5,125.5
gKR_sBM_cAll_d28_mKR0_ch02,gKR,sBM,cAll,d28,mKR0,ch02,80,[120. 121.],[123. 122.],120.5,122.5,121.5,120.0,122.0,120.0,120.5,122.5,121.5
gKR_sBM_cAll_d28_mKR2_ch09,gKR,sBM,cAll,d28,mKR2,ch09,100,[74. 73.],[99. 99.],73.5,99.0,86.25,73.0,99.0,99.0,73.5,99.0,86.5
gHO_sBM_cAll_d21_mHO4_ch02,gHO,sBM,cAll,d21,mHO4,ch02,130,[127.  70.],[125.  84.],98.5,104.5,101.5,70.0,84.0,70.0,98.5,104.5,104.5
gJB_sBM_cAll_d08_mJB1_ch10,gJB,sBM,cAll,d08,mJB1,ch10,90,[109. 109.],[144.  85.],109.0,114.5,111.75,109.0,85.0,109.0,109.0,114.5,109.0
gKR_sBM_cAll_d30_mKR4_ch04,gKR,sBM,cAll,d30,mKR4,ch04,120,[122. 100.],[ 70. 124.],111.0,97.0,104.0,100.0,70.0,70.0,111.0,97.0,111.0
gPO_sBM_cAll_d12_mPO5_ch10,gPO,sBM,cAll,d12,mPO5,ch10,130,[123. 136.],[119. 107.],129.5,113.0,121.25,123.0,107.0,107.0,129.5,113.0,121.0
gLO_sBM_cAll_d13_mLO3_ch06,gLO,sBM,cAll,d13,mLO3,ch06,110,[115. 111.],[80. 82.],113.0,81.0,97.0,111.0,80.0,80.0,113.0,81.0,96.5
gLH_sBM_cAll_d16_mLH2_ch06,gLH,sBM,cAll,d16,mLH2,ch06,100,[136. 115.],[103. 100.],125.5,101.5,113.5,115.0,100.0,100.0,125.5,101.5,109.0
gLH_sBM_cAll_d16_mLH1_ch10,gLH,sBM,cAll,d16,mLH1,ch10,90,[ 95. 135.],[95. 90.],115.0,92.5,103.75,95.0,90.0,95.0,115.0,92.5,95.0
gBR_sBM_cAll_d04_mBR1_ch01,gBR,sBM,cAll,d04,mBR1,ch01,90,[132.  70.],[90. 90.],101.0,90.0,95.5,70.0,90.0,90.0,101.0,90.0,90.0
gWA_sFM_cAll_d27_mWA0_ch15,gWA,sFM,cAll,d27,mWA0,ch15,80,[144. 111. 112.  79. 131. 144. 133.],[ 93.  83.  70. 117. 112. 101.  81.],122.0,93.86,107.92857142857143,144.0,70.0,112.0,131.0,93.0,111.5
gLH_sBM_cAll_d18_mLH5_ch06,gLH,sBM,cAll,d18,mLH5,ch06,130,[102. 132.],[130. 112.],117.0,121.0,119.0,102.0,112.0,102.0,117.0,121.0,121.0
gHO_sBM_cAll_d21_mHO3_ch09,gHO,sBM,cAll,d21,mHO3,ch09,125,[126. 127.],[123. 128.],126.5,125.5,126.0,126.0,123.0,123.0,126.5,125.5,126.5
gJB_sBM_cAll_d08_mJB1_ch05,gJB,sBM,cAll,d08,mJB1,ch05,90,[76. 86.],[75. 70.],81.0,72.5,76.75,76.0,70.0,70.0,81.0,72.5,75.5
gHO_sBM_cAll_d20_mHO1_ch04,gHO,sBM,cAll,d20,mHO1,ch04,115,[119. 116.],[117. 115.],117.5,116.0,116.75,116.0,115.0,115.0,117.5,116.0,116.5
gLH_sBM_cAll_d16_mLH3_ch06,gLH,sBM,cAll,d16,mLH3,ch06,110,[121. 130.],[113.  80.],125.5,96.5,111.0,121.0,80.0,80.0,125.5,96.5,117.0
gWA_sBM_cAll_d26_mWA4_ch09,gWA,sBM,cAll,d26,mWA4,ch09,120,[138.  86.],[ 70. 133.],112.0,101.5,106.75,86.0,70.0,70.0,112.0,101.5,109.5
gMH_sBM_cAll_d23_mMH0_ch08,gMH,sBM,cAll,d23,mMH0,ch08,80,[128.  79.],[83. 79.],103.5,81.0,92.25,79.0,79.0,79.0,103.5,81.0,81.0
gLO_sBM_cAll_d14_mLO0_ch03,gLO,sBM,cAll,d14,mLO0,ch03,80,[ 91. 126.],[140.  80.],108.5,110.0,109.25,91.0,80.0,80.0,108.5,110.0,108.5
gBR_sBM_cAll_d05_mBR0_ch05,gBR,sBM,cAll,d05,mBR0,ch05,80,[ 74. 120.],[144.  80.],97.0,112.0,104.5,74.0,80.0,74.0,97.0,112.0,100.0
gPO_sBM_cAll_d12_mPO2_ch04,gPO,sBM,cAll,d12,mPO2,ch04,100,[121. 104.],[144. 104.],112.5,124.0,118.25,104.0,104.0,104.0,112.5,124.0,112.5
gLH_sBM_cAll_d18_mLH2_ch03,gLH,sBM,cAll,d18,mLH2,ch03,100,[73. 77.],[104.  79.],75.0,91.5,83.25,73.0,79.0,73.0,75.0,91.5,78.0
gKR_sBM_cAll_d29_mKR1_ch02,gKR,sBM,cAll,d29,mKR1,ch02,90,[ 85. 101.],[93. 91.],93.0,92.0,92.5,85.0,91.0,85.0,93.0,92.0,92.0
gJB_sBM_cAll_d09_mJB2_ch01,gJB,sBM,cAll,d09,mJB2,ch01,100,[96. 75.],[99. 86.],85.5,92.5,89.0,75.0,86.0,75.0,85.5,92.5,91.0
gMH_sFM_cAll_d23_mMH2_ch10,gMH,sFM,cAll,d23,mMH2,ch10,100,[108.  78. 114.  93. 106. 100.],[ 97. 100. 104. 102.  95. 100.],99.83,99.67,99.75,78.0,100.0,100.0,103.0,100.0,100.0
gLH_sFM_cAll_d16_mLH0_ch01,gLH,sFM,cAll,d16,mLH0,ch01,80,[ 85. 144.  89.  72. 102. 122. 110.],[ 81. 124.  94. 131.  96.  77.  84.],103.43,98.14,100.78571428571429,72.0,77.0,72.0,102.0,94.0,95.0
gKR_sBM_cAll_d30_mKR4_ch07,gKR,sBM,cAll,d30,mKR4,ch07,120,[143. 126.],[119. 144.],134.5,131.5,133.0,126.0,119.0,119.0,134.5,131.5,134.5
gKR_sBM_cAll_d29_mKR5_ch08,gKR,sBM,cAll,d29,mKR5,ch08,130,[116. 113.],[80. 98.],114.5,89.0,101.75,113.0,80.0,80.0,114.5,89.0,105.5
gJS_sBM_cAll_d02_mJS4_ch06,gJS,sBM,cAll,d02,mJS4,ch06,120,[ 75. 121.],[144. 106.],98.0,125.0,111.5,75.0,106.0,75.0,98.0,125.0,113.5
gLH_sBM_cAll_d16_mLH3_ch08,gLH,sBM,cAll,d16,mLH3,ch08,110,[ 96. 133.],[ 87. 144.],114.5,115.5,115.0,96.0,87.0,87.0,114.5,115.5,114.5
gPO_sBM_cAll_d12_mPO2_ch06,gPO,sBM,cAll,d12,mPO2,ch06,100,[70. 95.],[144.  99.],82.5,121.5,102.0,70.0,99.0,70.0,82.5,121.5,97.0
gWA_sFM_cAll_d26_mWA1_ch09,gWA,sFM,cAll,d26,mWA1,ch09,90,[ 72.  97. 111.  86.  98.  91. 130.],[129.  91.  92. 115. 102. 141.  98.],97.86,109.71,103.78571428571429,72.0,91.0,91.0,97.0,102.0,98.0
gPO_sBM_cAll_d12_mPO5_ch02,gPO,sBM,cAll,d12,mPO5,ch02,130,[89. 80.],[133. 127.],84.5,130.0,107.25,80.0,127.0,80.0,84.5,130.0,108.0
gWA_sBM_cAll_d25_mWA1_ch03,gWA,sBM,cAll,d25,mWA1,ch03,90,[144.  91.],[130.  92.],117.5,111.0,114.25,91.0,92.0,91.0,117.5,111.0,111.0
gLH_sBM_cAll_d17_mLH4_ch05,gLH,sBM,cAll,d17,mLH4,ch05,120,[123.  70.],[93. 93.],96.5,93.0,94.75,70.0,93.0,93.0,96.5,93.0,93.0
gLO_sBM_cAll_d13_mLO0_ch06,gLO,sBM,cAll,d13,mLO0,ch06,80,[117. 120.],[112. 120.],118.5,116.0,117.25,117.0,112.0,120.0,118.5,116.0,118.5
gPO_sBM_cAll_d11_mPO4_ch03,gPO,sBM,cAll,d11,mPO4,ch03,120,[113. 120.],[115. 117.],116.5,116.0,116.25,113.0,115.0,113.0,116.5,116.0,116.0
gJB_sBM_cAll_d08_mJB5_ch06,gJB,sBM,cAll,d08,mJB5,ch06,130,[127.  85.],[70. 70.],106.0,70.0,88.0,85.0,70.0,70.0,106.0,70.0,77.5
gWA_sBM_cAll_d26_mWA0_ch06,gWA,sBM,cAll,d26,mWA0,ch06,80,[127.  87.],[103. 131.],107.0,117.0,112.0,87.0,103.0,87.0,107.0,117.0,115.0
gJS_sBM_cAll_d02_mJS1_ch07,gJS,sBM,cAll,d02,mJS1,ch07,90,[72. 90.],[ 70. 130.],81.0,100.0,90.5,72.0,70.0,70.0,81.0,100.0,81.0
gKR_sBM_cAll_d28_mKR3_ch08,gKR,sBM,cAll,d28,mKR3,ch08,110,[134. 106.],[110.  84.],120.0,97.0,108.5,106.0,84.0,84.0,120.0,97.0,108.0
gJB_sBM_cAll_d07_mJB2_ch07,gJB,sBM,cAll,d07,mJB2,ch07,100,[99. 92.],[116. 120.],95.5,118.0,106.75,92.0,116.0,92.0,95.5,118.0,107.5
gJS_sBM_cAll_d01_mJS0_ch04,gJS,sBM,cAll,d01,mJS0,ch04,80,[ 82. 144.],[101.  86.],113.0,93.5,103.25,82.0,86.0,82.0,113.0,93.5,93.5
gWA_sBM_cAll_d25_mWA2_ch04,gWA,sBM,cAll,d25,mWA2,ch04,100,[91. 83.],[85. 81.],87.0,83.0,85.0,83.0,81.0,81.0,87.0,83.0,84.0
gWA_sBM_cAll_d27_mWA2_ch07,gWA,sBM,cAll,d27,mWA2,ch07,100,[144. 102.],[110.  94.],123.0,102.0,112.5,102.0,94.0,94.0,123.0,102.0,106.0
gLO_sBM_cAll_d14_mLO1_ch02,gLO,sBM,cAll,d14,mLO1,ch02,90,[144.  70.],[112. 139.],107.0,125.5,116.25,70.0,112.0,70.0,107.0,125.5,125.5
gMH_sBM_cAll_d22_mMH3_ch09,gMH,sBM,cAll,d22,mMH3,ch09,110,[ 71. 112.],[112. 108.],91.5,110.0,100.75,71.0,108.0,112.0,91.5,110.0,110.0
gLH_sBM_cAll_d18_mLH2_ch04,gLH,sBM,cAll,d18,mLH2,ch04,100,[86. 74.],[ 99. 102.],80.0,100.5,90.25,74.0,99.0,74.0,80.0,100.5,92.5
gJB_sBM_cAll_d07_mJB1_ch08,gJB,sBM,cAll,d07,mJB1,ch08,90,[109.  97.],[99. 92.],103.0,95.5,99.25,97.0,92.0,92.0,103.0,95.5,98.0
gPO_sBM_cAll_d10_mPO3_ch02,gPO,sBM,cAll,d10,mPO3,ch02,110,[94. 84.],[111. 110.],89.0,110.5,99.75,84.0,110.0,84.0,89.0,110.5,102.0
gMH_sBM_cAll_d24_mMH3_ch07,gMH,sBM,cAll,d24,mMH3,ch07,110,[90. 78.],[112. 105.],84.0,108.5,96.25,78.0,105.0,78.0,84.0,108.5,97.5
gHO_sFM_cAll_d21_mHO4_ch19,gHO,sFM,cAll,d21,mHO4,ch19,130,[126. 102.  90. 120.  78.],[122. 131. 135. 113. 128.],103.2,125.8,114.5,78.0,113.0,78.0,102.0,128.0,121.0
gHO_sBM_cAll_d20_mHO5_ch06,gHO,sBM,cAll,d20,mHO5,ch06,135,[130. 137.],[133. 134.],133.5,133.5,133.5,130.0,133.0,130.0,133.5,133.5,133.5
gKR_sFM_cAll_d29_mKR3_ch11,gKR,sFM,cAll,d29,mKR3,ch11,110,[108. 111.  84.  78.  88.],[115. 108.  74.  89. 103.],93.8,97.8,95.8,78.0,74.0,108.0,88.0,103.0,96.0
gLO_sBM_cAll_d15_mLO4_ch02,gLO,sBM,cAll,d15,mLO4,ch02,120,[ 90. 119.],[ 76. 126.],104.5,101.0,102.75,90.0,76.0,76.0,104.5,101.0,104.5
gHO_sBM_cAll_d19_mHO1_ch01,gHO,sBM,cAll,d19,mHO1,ch01,115,[82. 89.],[110. 114.],85.5,112.0,98.75,82.0,110.0,82.0,85.5,112.0,99.5
gMH_sBM_cAll_d22_mMH1_ch05,gMH,sBM,cAll,d22,mMH1,ch05,90,[84. 92.],[89. 89.],88.0,89.0,88.5,84.0,89.0,89.0,88.0,89.0,89.0
gJB_sFM_cAll_d07_mJB5_ch06,gJB,sFM,cAll,d07,mJB5,ch06,130,[111. 112. 100.  72. 127.],[ 80.  77.  75.  91. 100.],104.4,84.6,94.5,72.0,75.0,100.0,111.0,80.0,95.5
gWA_sBM_cAll_d26_mWA4_ch10,gWA,sBM,cAll,d26,mWA4,ch10,120,[ 88. 134.],[77. 96.],111.0,86.5,98.75,88.0,77.0,77.0,111.0,86.5,92.0
gLH_sBM_cAll_d18_mLH5_ch09,gLH,sBM,cAll,d18,mLH5,ch09,130,[134. 133.],[131. 129.],133.5,130.0,131.75,133.0,129.0,129.0,133.5,130.0,132.0
gWA_sBM_cAll_d27_mWA2_ch02,gWA,sBM,cAll,d27,mWA2,ch02,100,[105. 118.],[144. 144.],111.5,144.0,127.75,105.0,144.0,144.0,111.5,144.0,131.0
gKR_sBM_cAll_d28_mKR3_ch09,gKR,sBM,cAll,d28,mKR3,ch09,110,[ 76. 119.],[122. 131.],97.5,126.5,112.0,76.0,122.0,76.0,97.5,126.5,120.5
gWA_sBM_cAll_d25_mWA2_ch07,gWA,sBM,cAll,d25,mWA2,ch07,100,[108. 141.],[112. 116.],124.5,114.0,119.25,108.0,112.0,108.0,124.5,114.0,114.0
gBR_sFM_cAll_d04_mBR0_ch01,gBR,sFM,cAll,d04,mBR0,ch01,80,[ 84.  85. 117.  82.  78.  84.  82.],[ 79.  83.  80. 122.  78.  85. 144.],87.43,95.86,91.64285714285714,82.0,78.0,78.0,84.0,83.0,83.5
gJS_sBM_cAll_d02_mJS4_ch10,gJS,sBM,cAll,d02,mJS4,ch10,120,[144. 124.],[101. 114.],134.0,107.5,120.75,124.0,101.0,101.0,134.0,107.5,119.0
gWA_sBM_cAll_d25_mWA0_ch01,gWA,sBM,cAll,d25,mWA0,ch01,80,[120. 117.],[ 91. 114.],118.5,102.5,110.5,117.0,91.0,91.0,118.5,102.5,115.5
gLO_sBM_cAll_d14_mLO5_ch10,gLO,sBM,cAll,d14,mLO5,ch10,130,[126. 127.],[126. 128.],126.5,127.0,126.75,126.0,126.0,126.0,126.5,127.0,126.5
gLH_sFM_cAll_d16_mLH4_ch05,gLH,sFM,cAll,d16,mLH4,ch05,120,[100.  74. 129. 139. 125.],[144.  72. 133. 134.  94.],113.4,115.4,114.4,74.0,72.0,72.0,125.0,133.0,127.0
gKR_sBM_cAll_d29_mKR0_ch04,gKR,sBM,cAll,d29,mKR0,ch04,80,[87. 78.],[ 84. 115.],82.5,99.5,91.0,78.0,84.0,78.0,82.5,99.5,85.5
gLO_sBM_cAll_d13_mLO1_ch07,gLO,sBM,cAll,d13,mLO1,ch07,90,[100.  85.],[89. 88.],92.5,88.5,90.5,85.0,88.0,85.0,92.5,88.5,88.5
gPO_sBM_cAll_d12_mPO3_ch09,gPO,sBM,cAll,d12,mPO3,ch09,110,[74. 98.],[112.  94.],86.0,103.0,94.5,74.0,94.0,74.0,86.0,103.0,96.0
gPO_sFM_cAll_d12_mPO5_ch21,gPO,sFM,cAll,d12,mPO5,ch21,130,[139. 123.  83. 130. 144.],[129. 123. 134.  98.  82.],123.8,113.2,118.5,83.0,82.0,123.0,130.0,123.0,126.0
gJB_sBM_cAll_d08_mJB1_ch06,gJB,sBM,cAll,d08,mJB1,ch06,90,[114. 119.],[92. 70.],116.5,81.0,98.75,114.0,70.0,70.0,116.5,81.0,103.0
gJS_sBM_cAll_d01_mJS3_ch01,gJS,sBM,cAll,d01,mJS3,ch01,110,[74. 85.],[ 97. 108.],79.5,102.5,91.0,74.0,97.0,74.0,79.5,102.5,91.0
gJB_sBM_cAll_d08_mJB0_ch06,gJB,sBM,cAll,d08,mJB0,ch06,80,[108.  98.],[87. 82.],103.0,84.5,93.75,98.0,82.0,82.0,103.0,84.5,92.5
gLO_sBM_cAll_d13_mLO0_ch04,gLO,sBM,cAll,d13,mLO0,ch04,80,[92. 94.],[71. 70.],93.0,70.5,81.75,92.0,70.0,70.0,93.0,70.5,81.5
gMH_sBM_cAll_d22_mMH1_ch08,gMH,sBM,cAll,d22,mMH1,ch08,90,[84. 90.],[144.  93.],87.0,118.5,102.75,84.0,93.0,84.0,87.0,118.5,91.5
gMH_sBM_cAll_d23_mMH0_ch03,gMH,sBM,cAll,d23,mMH0,ch03,80,[111. 115.],[76. 80.],113.0,78.0,95.5,111.0,76.0,76.0,113.0,78.0,95.5
gBR_sBM_cAll_d05_mBR1_ch02,gBR,sBM,cAll,d05,mBR1,ch02,90,[ 92. 135.],[144. 135.],113.5,139.5,126.5,92.0,135.0,135.0,113.5,139.5,135.0
gWA_sBM_cAll_d26_mWA1_ch10,gWA,sBM,cAll,d26,mWA1,ch10,90,[124.  83.],[ 70. 109.],103.5,89.5,96.5,83.0,70.0,70.0,103.5,89.5,96.0
gLH_sBM_cAll_d18_mLH4_ch10,gLH,sBM,cAll,d18,mLH4,ch10,120,[ 87. 121.],[143. 119.],104.0,131.0,117.5,87.0,119.0,87.0,104.0,131.0,120.0
gLO_sBM_cAll_d15_mLO5_ch07,gLO,sBM,cAll,d15,mLO5,ch07,130,[122. 127.],[ 92. 124.],124.5,108.0,116.25,122.0,92.0,92.0,124.5,108.0,123.0
gLO_sBM_cAll_d14_mLO1_ch09,gLO,sBM,cAll,d14,mLO1,ch09,90,[123. 115.],[130.  89.],119.0,109.5,114.25,115.0,89.0,89.0,119.0,109.5,119.0
gJB_sBM_cAll_d07_mJB3_ch01,gJB,sBM,cAll,d07,mJB3,ch01,110,[126. 116.],[ 97. 122.],121.0,109.5,115.25,116.0,97.0,97.0,121.0,109.5,119.0
gPO_sFM_cAll_d11_mPO2_ch10,gPO,sFM,cAll,d11,mPO2,ch10,100,[ 82. 136. 100.  86. 144.  80.],[ 95. 100. 102.  77.  97. 107.],104.67,96.33,100.5,80.0,77.0,100.0,93.0,98.5,98.5
gJS_sBM_cAll_d03_mJS2_ch02,gJS,sBM,cAll,d03,mJS2,ch02,100,[ 74. 114.],[ 98. 112.],94.0,105.0,99.5,74.0,98.0,74.0,94.0,105.0,105.0
gPO_sFM_cAll_d11_mPO5_ch13,gPO,sFM,cAll,d11,mPO5,ch13,130,[130. 131. 130. 111.  70.],[127. 100. 125. 134. 120.],114.4,121.2,117.8,130.0,100.0,130.0,130.0,125.0,126.0
gBR_sFM_cAll_d05_mBR3_ch10,gBR,sFM,cAll,d05,mBR3,ch10,110,[112. 114.  84. 102. 123.],[109. 113. 112.  83. 109.],107.0,105.2,106.1,84.0,109.0,109.0,112.0,109.0,110.5
gMH_sBM_cAll_d24_mMH5_ch07,gMH,sBM,cAll,d24,mMH5,ch07,130,[131. 121.],[133. 125.],126.0,129.0,127.5,121.0,125.0,121.0,126.0,129.0,128.0
gMH_sFM_cAll_d23_mMH5_ch13,gMH,sFM,cAll,d23,mMH5,ch13,130,[ 78. 138.  98.  96. 115.],[ 97.  79. 127. 132. 126.],105.0,112.2,108.6,78.0,79.0,78.0,98.0,126.0,106.5
gHO_sBM_cAll_d20_mHO4_ch02,gHO,sBM,cAll,d20,mHO4,ch02,130,[ 84. 128.],[129. 117.],106.0,123.0,114.5,84.0,117.0,84.0,106.0,123.0,122.5
gKR_sFM_cAll_d28_mKR3_ch04,gKR,sFM,cAll,d28,mKR3,ch04,110,[126. 125.  97. 109.  95.],[ 85. 144.  91. 115. 127.],110.4,112.4,111.4,95.0,85.0,85.0,109.0,115.0,112.0
gBR_sBM_cAll_d06_mBR4_ch09,gBR,sBM,cAll,d06,mBR4,ch09,120,[124. 144.],[ 96. 141.],134.0,118.5,126.25,124.0,96.0,96.0,134.0,118.5,132.5
gWA_sBM_cAll_d25_mWA0_ch08,gWA,sBM,cAll,d25,mWA0,ch08,80,[144. 109.],[ 83. 140.],126.5,111.5,119.0,109.0,83.0,83.0,126.5,111.5,124.5
gKR_sBM_cAll_d28_mKR0_ch09,gKR,sBM,cAll,d28,mKR0,ch09,80,[101. 137.],[84. 78.],119.0,81.0,100.0,101.0,78.0,78.0,119.0,81.0,92.5
gJS_sBM_cAll_d02_mJS4_ch04,gJS,sBM,cAll,d02,mJS4,ch04,120,[109.  92.],[79. 72.],100.5,75.5,88.0,92.0,72.0,72.0,100.5,75.5,85.5
gLO_sBM_cAll_d13_mLO2_ch03,gLO,sBM,cAll,d13,mLO2,ch03,100,[139. 116.],[113.  99.],127.5,106.0,116.75,116.0,99.0,99.0,127.5,106.0,114.5
gMH_sBM_cAll_d24_mMH4_ch05,gMH,sBM,cAll,d24,mMH4,ch05,120,[117. 128.],[139.  90.],122.5,114.5,118.5,117.0,90.0,90.0,122.5,114.5,122.5
gLH_sBM_cAll_d18_mLH2_ch09,gLH,sBM,cAll,d18,mLH2,ch09,100,[102. 100.],[107. 132.],101.0,119.5,110.25,100.0,107.0,100.0,101.0,119.5,104.5
gPO_sBM_cAll_d11_mPO4_ch04,gPO,sBM,cAll,d11,mPO4,ch04,120,[110.  80.],[ 99. 144.],95.0,121.5,108.25,80.0,99.0,80.0,95.0,121.5,104.5
gHO_sBM_cAll_d21_mHO3_ch10,gHO,sBM,cAll,d21,mHO3,ch10,125,[130.  70.],[95. 96.],100.0,95.5,97.75,70.0,95.0,70.0,100.0,95.5,95.5
gJB_sBM_cAll_d07_mJB2_ch05,gJB,sBM,cAll,d07,mJB2,ch05,100,[ 75. 124.],[83. 78.],99.5,80.5,90.0,75.0,78.0,75.0,99.5,80.5,80.5
gHO_sBM_cAll_d20_mHO0_ch04,gHO,sBM,cAll,d20,mHO0,ch04,110,[ 84. 116.],[108. 110.],100.0,109.0,104.5,84.0,108.0,84.0,100.0,109.0,109.0
gKR_sBM_cAll_d29_mKR5_ch09,gKR,sBM,cAll,d29,mKR5,ch09,130,[ 70. 126.],[134. 127.],98.0,130.5,114.25,70.0,127.0,70.0,98.0,130.5,126.5
gJB_sFM_cAll_d08_mJB2_ch10,gJB,sFM,cAll,d08,mJB2,ch10,100,[ 98. 117.  98.  77. 113. 106.],[125.  70. 110.  98.  96.  87.],101.5,97.67,99.58333333333333,98.0,70.0,98.0,102.0,97.0,98.0
gJB_sBM_cAll_d07_mJB1_ch01,gJB,sBM,cAll,d07,mJB1,ch01,90,[101.  97.],[93. 97.],99.0,95.0,97.0,97.0,93.0,97.0,99.0,95.0,97.0
gJB_sFM_cAll_d08_mJB5_ch14,gJB,sFM,cAll,d08,mJB5,ch14,130,[ 99. 118. 106. 140. 101.],[116.  97. 103. 122. 106.],112.8,108.8,110.8,99.0,97.0,106.0,106.0,106.0,106.0
gWA_sBM_cAll_d27_mWA3_ch10,gWA,sBM,cAll,d27,mWA3,ch10,110,[129. 124.],[138.  86.],126.5,112.0,119.25,124.0,86.0,86.0,126.5,112.0,126.5
gPO_sBM_cAll_d12_mPO5_ch06,gPO,sBM,cAll,d12,mPO5,ch06,130,[85. 90.],[132. 126.],87.5,129.0,108.25,85.0,126.0,85.0,87.5,129.0,108.0
gWA_sBM_cAll_d25_mWA0_ch05,gWA,sBM,cAll,d25,mWA0,ch05,80,[144. 121.],[123. 126.],132.5,124.5,128.5,121.0,123.0,121.0,132.5,124.5,124.5
gMH_sBM_cAll_d22_mMH1_ch07,gMH,sBM,cAll,d22,mMH1,ch07,90,[95. 70.],[92. 93.],82.5,92.5,87.5,70.0,92.0,70.0,82.5,92.5,92.5
gLO_sBM_cAll_d14_mLO0_ch05,gLO,sBM,cAll,d14,mLO0,ch05,80,[ 93. 111.],[120.  82.],102.0,101.0,101.5,93.0,82.0,82.0,102.0,101.0,102.0
gLH_sBM_cAll_d17_mLH5_ch10,gLH,sBM,cAll,d17,mLH5,ch10,130,[121. 138.],[132. 131.],129.5,131.5,130.5,121.0,131.0,121.0,129.5,131.5,131.5
gBR_sBM_cAll_d04_mBR3_ch04,gBR,sBM,cAll,d04,mBR3,ch04,110,[108. 108.],[109. 109.],108.0,109.0,108.5,108.0,109.0,108.0,108.0,109.0,108.5
gJB_sBM_cAll_d08_mJB1_ch02,gJB,sBM,cAll,d08,mJB1,ch02,90,[111.  98.],[144.  92.],104.5,118.0,111.25,98.0,92.0,92.0,104.5,118.0,104.5
gLH_sBM_cAll_d17_mLH1_ch02,gLH,sBM,cAll,d17,mLH1,ch02,90,[99. 94.],[90. 91.],96.5,90.5,93.5,94.0,90.0,90.0,96.5,90.5,92.5
gLH_sBM_cAll_d18_mLH3_ch07,gLH,sBM,cAll,d18,mLH3,ch07,110,[111. 128.],[ 98. 136.],119.5,117.0,118.25,111.0,98.0,98.0,119.5,117.0,119.5
gLH_sBM_cAll_d16_mLH1_ch03,gLH,sBM,cAll,d16,mLH1,ch03,90,[84. 88.],[112.  91.],86.0,101.5,93.75,84.0,91.0,84.0,86.0,101.5,89.5
gJB_sBM_cAll_d08_mJB0_ch10,gJB,sBM,cAll,d08,mJB0,ch10,80,[73. 97.],[ 99. 108.],85.0,103.5,94.25,73.0,99.0,73.0,85.0,103.5,98.0
gBR_sBM_cAll_d05_mBR5_ch04,gBR,sBM,cAll,d05,mBR5,ch04,130,[134. 130.],[130. 125.],132.0,127.5,129.75,130.0,125.0,130.0,132.0,127.5,130.0
gHO_sBM_cAll_d19_mHO2_ch10,gHO,sBM,cAll,d19,mHO2,ch10,120,[ 70. 144.],[ 88. 144.],107.0,116.0,111.5,70.0,88.0,144.0,107.0,116.0,116.0
gKR_sBM_cAll_d29_mKR5_ch01,gKR,sBM,cAll,d29,mKR5,ch01,130,[130. 127.],[ 76. 123.],128.5,99.5,114.0,127.0,76.0,76.0,128.5,99.5,125.0
gLO_sFM_cAll_d13_mLO4_ch05,gLO,sFM,cAll,d13,mLO4,ch05,120,[121. 108. 116. 114. 120.],[121. 126. 114. 117.  90.],115.8,113.6,114.7,108.0,90.0,114.0,116.0,117.0,116.5
gKR_sBM_cAll_d30_mKR4_ch02,gKR,sBM,cAll,d30,mKR4,ch02,120,[91. 70.],[123. 125.],80.5,124.0,102.25,70.0,123.0,70.0,80.5,124.0,107.0
gHO_sBM_cAll_d19_mHO3_ch04,gHO,sBM,cAll,d19,mHO3,ch04,125,[ 70. 125.],[117. 126.],97.5,121.5,109.5,70.0,117.0,70.0,97.5,121.5,121.0
gKR_sBM_cAll_d29_mKR4_ch07,gKR,sBM,cAll,d29,mKR4,ch07,120,[ 98. 111.],[ 70. 127.],104.5,98.5,101.5,98.0,70.0,70.0,104.5,98.5,104.5
gLO_sBM_cAll_d15_mLO2_ch02,gLO,sBM,cAll,d15,mLO2,ch02,100,[142. 130.],[137. 106.],136.0,121.5,128.75,130.0,106.0,106.0,136.0,121.5,133.5
gLH_sFM_cAll_d16_mLH1_ch02,gLH,sFM,cAll,d16,mLH1,ch02,90,[140.  83.  74. 116. 114.  86. 120.],[ 94. 117.  87. 123.  90. 144. 104.],104.71,108.43,106.57142857142857,74.0,87.0,74.0,114.0,104.0,109.0
gMH_sFM_cAll_d22_mMH1_ch07,gMH,sFM,cAll,d22,mMH1,ch07,90,[134. 116. 121. 132.  71. 132. 134.],[ 89. 123.  91.  85. 119. 117. 119.],120.0,106.14,113.07142857142857,132.0,119.0,119.0,132.0,117.0,119.0
gJB_sBM_cAll_d08_mJB0_ch01,gJB,sBM,cAll,d08,mJB0,ch01,80,[93. 92.],[ 82. 117.],92.5,99.5,96.0,92.0,82.0,82.0,92.5,99.5,92.5
gHO_sBM_cAll_d21_mHO2_ch03,gHO,sBM,cAll,d21,mHO2,ch03,120,[120. 117.],[ 85. 144.],118.5,114.5,116.5,117.0,85.0,85.0,118.5,114.5,118.5
gBR_sBM_cAll_d05_mBR0_ch01,gBR,sBM,cAll,d05,mBR0,ch01,80,[124. 121.],[84. 80.],122.5,82.0,102.25,121.0,80.0,80.0,122.5,82.0,102.5
gWA_sBM_cAll_d25_mWA1_ch04,gWA,sBM,cAll,d25,mWA1,ch04,90,[71. 94.],[99. 96.],82.5,97.5,90.0,71.0,96.0,71.0,82.5,97.5,95.0
gPO_sBM_cAll_d11_mPO5_ch08,gPO,sBM,cAll,d11,mPO5,ch08,130,[115.  71.],[ 87. 134.],93.0,110.5,101.75,71.0,87.0,71.0,93.0,110.5,101.0
gHO_sBM_cAll_d19_mHO0_ch02,gHO,sBM,cAll,d19,mHO0,ch02,110,[107.  84.],[106. 114.],95.5,110.0,102.75,84.0,106.0,84.0,95.5,110.0,106.5
gMH_sBM_cAll_d24_mMH4_ch09,gMH,sBM,cAll,d24,mMH4,ch09,120,[128. 120.],[124. 124.],124.0,124.0,124.0,120.0,124.0,124.0,124.0,124.0,124.0
gWA_sBM_cAll_d25_mWA3_ch10,gWA,sBM,cAll,d25,mWA3,ch10,110,[114. 123.],[115. 114.],118.5,114.5,116.5,114.0,114.0,114.0,118.5,114.5,114.5
gKR_sBM_cAll_d30_mKR3_ch09,gKR,sBM,cAll,d30,mKR3,ch09,110,[ 74. 129.],[109. 124.],101.5,116.5,109.0,74.0,109.0,74.0,101.5,116.5,116.5
gKR_sBM_cAll_d28_mKR1_ch04,gKR,sBM,cAll,d28,mKR1,ch04,90,[ 71. 103.],[105.  91.],87.0,98.0,92.5,71.0,91.0,71.0,87.0,98.0,97.0
gJB_sBM_cAll_d09_mJB5_ch05,gJB,sBM,cAll,d09,mJB5,ch05,130,[109. 107.],[73. 72.],108.0,72.5,90.25,107.0,72.0,72.0,108.0,72.5,90.0
gBR_sBM_cAll_d04_mBR2_ch02,gBR,sBM,cAll,d04,mBR2,ch02,100,[105. 123.],[ 91. 123.],114.0,107.0,110.5,105.0,91.0,123.0,114.0,107.0,114.0
gMH_sFM_cAll_d23_mMH1_ch09,gMH,sFM,cAll,d23,mMH1,ch09,90,[114.  72.  82.  90.  99.  95.  99.],[120. 106.  85.  96.  95.  98.  90.],93.0,98.57,95.78571428571429,99.0,85.0,90.0,95.0,96.0,95.5
gJS_sBM_cAll_d01_mJS2_ch07,gJS,sBM,cAll,d01,mJS2,ch07,100,[144.  71.],[ 85. 101.],107.5,93.0,100.25,71.0,85.0,71.0,107.5,93.0,93.0
gHO_sBM_cAll_d19_mHO3_ch09,gHO,sBM,cAll,d19,mHO3,ch09,125,[124. 127.],[124. 126.],125.5,125.0,125.25,124.0,124.0,124.0,125.5,125.0,125.0
gMH_sBM_cAll_d22_mMH3_ch01,gMH,sBM,cAll,d22,mMH3,ch01,110,[112. 111.],[120. 123.],111.5,121.5,116.5,111.0,120.0,111.0,111.5,121.5,116.0
gKR_sBM_cAll_d28_mKR1_ch10,gKR,sBM,cAll,d28,mKR1,ch10,90,[137. 135.],[134. 113.],136.0,123.5,129.75,135.0,113.0,113.0,136.0,123.5,134.5
gPO_sBM_cAll_d10_mPO3_ch10,gPO,sBM,cAll,d10,mPO3,ch10,110,[111. 110.],[ 92. 105.],110.5,98.5,104.5,110.0,92.0,92.0,110.5,98.5,107.5
gJB_sBM_cAll_d08_mJB4_ch10,gJB,sBM,cAll,d08,mJB4,ch10,120,[70. 70.],[119. 111.],70.0,115.0,92.5,70.0,111.0,70.0,70.0,115.0,90.5
gBR_sBM_cAll_d05_mBR1_ch06,gBR,sBM,cAll,d05,mBR1,ch06,90,[116. 108.],[119.  89.],112.0,104.0,108.0,108.0,89.0,89.0,112.0,104.0,112.0
gLH_sBM_cAll_d18_mLH4_ch05,gLH,sBM,cAll,d18,mLH4,ch05,120,[123. 126.],[ 70. 118.],124.5,94.0,109.25,123.0,70.0,70.0,124.5,94.0,120.5
gMH_sBM_cAll_d24_mMH3_ch10,gMH,sBM,cAll,d24,mMH3,ch10,110,[70. 82.],[139. 109.],76.0,124.0,100.0,70.0,109.0,70.0,76.0,124.0,95.5
gJB_sBM_cAll_d09_mJB5_ch08,gJB,sBM,cAll,d09,mJB5,ch08,130,[140.  80.],[137. 121.],110.0,129.0,119.5,80.0,121.0,80.0,110.0,129.0,129.0
gJS_sBM_cAll_d02_mJS5_ch07,gJS,sBM,cAll,d02,mJS5,ch07,130,[109.  85.],[102. 118.],97.0,110.0,103.5,85.0,102.0,85.0,97.0,110.0,105.5
gWA_sBM_cAll_d26_mWA4_ch08,gWA,sBM,cAll,d26,mWA4,ch08,120,[144.  81.],[129. 107.],112.5,118.0,115.25,81.0,107.0,81.0,112.5,118.0,118.0
gBR_sBM_cAll_d06_mBR4_ch04,gBR,sBM,cAll,d06,mBR4,ch04,120,[144. 118.],[125. 117.],131.0,121.0,126.0,118.0,117.0,117.0,131.0,121.0,121.5
gHO_sBM_cAll_d19_mHO0_ch08,gHO,sBM,cAll,d19,mHO0,ch08,110,[130.  89.],[106. 111.],109.5,108.5,109.0,89.0,106.0,89.0,109.5,108.5,108.5
gPO_sFM_cAll_d10_mPO2_ch03,gPO,sFM,cAll,d10,mPO2,ch03,100,[ 70. 102. 100.  77. 103. 108.],[ 70. 137. 118.  77.  97. 110.],93.33,101.5,97.41666666666667,70.0,70.0,70.0,101.0,103.5,101.0
gKR_sBM_cAll_d30_mKR2_ch09,gKR,sBM,cAll,d30,mKR2,ch09,100,[116. 131.],[121. 132.],123.5,126.5,125.0,116.0,121.0,116.0,123.5,126.5,126.0
gLO_sFM_cAll_d13_mLO1_ch02,gLO,sFM,cAll,d13,mLO1,ch02,90,[ 89.  90. 113.  77. 102. 116.  70.],[ 95.  92.  94.  87. 142.  92. 130.],93.86,104.57,99.21428571428571,70.0,92.0,92.0,90.0,94.0,93.0
gMH_sBM_cAll_d24_mMH5_ch05,gMH,sBM,cAll,d24,mMH5,ch05,130,[128. 138.],[131. 130.],133.0,130.5,131.75,128.0,130.0,128.0,133.0,130.5,130.5
gJS_sBM_cAll_d01_mJS0_ch10,gJS,sBM,cAll,d01,mJS0,ch10,80,[101.  98.],[ 84. 111.],99.5,97.5,98.5,98.0,84.0,84.0,99.5,97.5,99.5
gWA_sBM_cAll_d26_mWA0_ch03,gWA,sBM,cAll,d26,mWA0,ch03,80,[111.  90.],[109.  92.],100.5,100.5,100.5,90.0,92.0,90.0,100.5,100.5,100.5
gJB_sBM_cAll_d09_mJB3_ch10,gJB,sBM,cAll,d09,mJB3,ch10,110,[137. 104.],[ 72. 144.],120.5,108.0,114.25,104.0,72.0,72.0,120.5,108.0,120.5
gLO_sBM_cAll_d14_mLO0_ch08,gLO,sBM,cAll,d14,mLO0,ch08,80,[134.  80.],[73. 96.],107.0,84.5,95.75,80.0,73.0,73.0,107.0,84.5,88.0
gWA_sFM_cAll_d27_mWA4_ch19,gWA,sFM,cAll,d27,mWA4,ch19,120,[117.  87. 105. 108.  84.],[127.  80. 111.  78.  99.],100.2,99.0,99.6,84.0,78.0,78.0,105.0,99.0,102.0
gLH_sBM_cAll_d17_mLH5_ch09,gLH,sBM,cAll,d17,mLH5,ch09,130,[76. 73.],[130.  99.],74.5,114.5,94.5,73.0,99.0,73.0,74.5,114.5,87.5
gHO_sBM_cAll_d19_mHO2_ch04,gHO,sBM,cAll,d19,mHO2,ch04,120,[ 70. 121.],[117. 122.],95.5,119.5,107.5,70.0,117.0,70.0,95.5,119.5,119.0
gJS_sBM_cAll_d01_mJS3_ch02,gJS,sBM,cAll,d01,mJS3,ch02,110,[113.  99.],[103. 117.],106.0,110.0,108.0,99.0,103.0,99.0,106.0,110.0,108.0
gPO_sBM_cAll_d10_mPO1_ch07,gPO,sBM,cAll,d10,mPO1,ch07,90,[139.  90.],[106. 122.],114.5,114.0,114.25,90.0,106.0,90.0,114.5,114.0,114.0
gMH_sFM_cAll_d23_mMH0_ch08,gMH,sFM,cAll,d23,mMH0,ch08,80,[121. 130.  84.  83. 107.  84.  88.],[ 93. 102.  80.  82.  82. 101.  71.],99.57,87.29,93.42857142857143,84.0,82.0,82.0,88.0,82.0,86.0
gHO_sBM_cAll_d21_mHO3_ch01,gHO,sBM,cAll,d21,mHO3,ch01,125,[128. 126.],[123.  97.],127.0,110.0,118.5,126.0,97.0,97.0,127.0,110.0,124.5
gHO_sFM_cAll_d21_mHO2_ch17,gHO,sFM,cAll,d21,mHO2,ch17,120,[ 70.  85. 114.  74. 120.],[116. 143. 122. 122. 120.],92.6,124.6,108.6,70.0,122.0,120.0,85.0,122.0,118.0
gPO_sBM_cAll_d10_mPO1_ch05,gPO,sBM,cAll,d10,mPO1,ch05,90,[93. 99.],[113.  85.],96.0,99.0,97.5,93.0,85.0,85.0,96.0,99.0,96.0
gWA_sBM_cAll_d25_mWA3_ch02,gWA,sBM,cAll,d25,mWA3,ch02,110,[117. 143.],[106. 129.],130.0,117.5,123.75,117.0,106.0,106.0,130.0,117.5,123.0
gWA_sBM_cAll_d25_mWA0_ch10,gWA,sBM,cAll,d25,mWA0,ch10,80,[ 94. 127.],[88. 92.],110.5,90.0,100.25,94.0,88.0,88.0,110.5,90.0,93.0
gHO_sBM_cAll_d20_mHO4_ch01,gHO,sBM,cAll,d20,mHO4,ch01,130,[133. 123.],[129. 124.],128.0,126.5,127.25,123.0,124.0,123.0,128.0,126.5,126.5
gLH_sBM_cAll_d18_mLH4_ch07,gLH,sBM,cAll,d18,mLH4,ch07,120,[112.  92.],[117. 116.],102.0,116.5,109.25,92.0,116.0,92.0,102.0,116.5,114.0
gJB_sBM_cAll_d09_mJB5_ch06,gJB,sBM,cAll,d09,mJB5,ch06,130,[101. 102.],[ 74. 114.],101.5,94.0,97.75,101.0,74.0,74.0,101.5,94.0,101.5
gJS_sBM_cAll_d03_mJS4_ch06,gJS,sBM,cAll,d03,mJS4,ch06,120,[117. 115.],[ 89. 139.],116.0,114.0,115.0,115.0,89.0,89.0,116.0,114.0,116.0
gJS_sBM_cAll_d02_mJS4_ch03,gJS,sBM,cAll,d02,mJS4,ch03,120,[98. 76.],[129.  88.],87.0,108.5,97.75,76.0,88.0,76.0,87.0,108.5,93.0
gMH_sFM_cAll_d22_mMH2_ch03,gMH,sFM,cAll,d22,mMH2,ch03,100,[102.  70.  84. 117.  96. 139.],[103. 100.  99.  98.  97. 101.],101.33,99.67,100.5,70.0,97.0,70.0,99.0,99.5,99.5
gJB_sBM_cAll_d07_mJB2_ch06,gJB,sBM,cAll,d07,mJB2,ch06,100,[ 88. 115.],[84. 83.],101.5,83.5,92.5,88.0,83.0,83.0,101.5,83.5,86.0
gLH_sBM_cAll_d16_mLH1_ch07,gLH,sBM,cAll,d16,mLH1,ch07,90,[84. 90.],[95. 88.],87.0,91.5,89.25,84.0,88.0,84.0,87.0,91.5,89.0
gPO_sFM_cAll_d10_mPO4_ch05,gPO,sFM,cAll,d10,mPO4,ch05,120,[ 72. 133. 107.  70.  84.],[126. 121. 121. 120. 119.],93.2,121.4,107.3,70.0,121.0,121.0,84.0,121.0,119.5
gLH_sBM_cAll_d16_mLH0_ch01,gLH,sBM,cAll,d16,mLH0,ch01,80,[83. 80.],[ 79. 123.],81.5,101.0,91.25,80.0,79.0,79.0,81.5,101.0,81.5
gHO_sBM_cAll_d20_mHO0_ch06,gHO,sBM,cAll,d20,mHO0,ch06,110,[70. 70.],[114. 109.],70.0,111.5,90.75,70.0,109.0,70.0,70.0,111.5,89.5
gPO_sBM_cAll_d11_mPO4_ch06,gPO,sBM,cAll,d11,mPO4,ch06,120,[142. 144.],[117. 117.],143.0,117.0,130.0,142.0,117.0,117.0,143.0,117.0,129.5
gKR_sBM_cAll_d30_mKR4_ch10,gKR,sBM,cAll,d30,mKR4,ch10,120,[94. 85.],[93. 77.],89.5,85.0,87.25,85.0,77.0,77.0,89.5,85.0,89.0
gWA_sBM_cAll_d27_mWA2_ch04,gWA,sBM,cAll,d27,mWA2,ch04,100,[ 92. 110.],[116. 104.],101.0,110.0,105.5,92.0,104.0,92.0,101.0,110.0,107.0
gKR_sBM_cAll_d29_mKR1_ch05,gKR,sBM,cAll,d29,mKR1,ch05,90,[125. 132.],[144. 132.],128.5,138.0,133.25,125.0,132.0,132.0,128.5,138.0,132.0
gKR_sBM_cAll_d30_mKR5_ch06,gKR,sBM,cAll,d30,mKR5,ch06,130,[98. 89.],[ 97. 102.],93.5,99.5,96.5,89.0,97.0,89.0,93.5,99.5,97.5
gPO_sBM_cAll_d12_mPO5_ch04,gPO,sBM,cAll,d12,mPO5,ch04,130,[126. 107.],[77. 87.],116.5,82.0,99.25,107.0,77.0,77.0,116.5,82.0,97.0
gPO_sBM_cAll_d10_mPO3_ch06,gPO,sBM,cAll,d10,mPO3,ch06,110,[70. 91.],[125.  93.],80.5,109.0,94.75,70.0,93.0,70.0,80.5,109.0,92.0
gWA_sBM_cAll_d27_mWA2_ch09,gWA,sBM,cAll,d27,mWA2,ch09,100,[91. 76.],[115. 126.],83.5,120.5,102.0,76.0,115.0,76.0,83.5,120.5,103.0
gJB_sBM_cAll_d09_mJB5_ch09,gJB,sBM,cAll,d09,mJB5,ch09,130,[128. 115.],[104. 107.],121.5,105.5,113.5,115.0,104.0,104.0,121.5,105.5,111.0
gJB_sBM_cAll_d09_mJB2_ch03,gJB,sBM,cAll,d09,mJB2,ch03,100,[119. 101.],[109. 100.],110.0,104.5,107.25,101.0,100.0,100.0,110.0,104.5,105.0
gLO_sBM_cAll_d14_mLO0_ch06,gLO,sBM,cAll,d14,mLO0,ch06,80,[100. 133.],[90. 96.],116.5,93.0,104.75,100.0,90.0,90.0,116.5,93.0,98.0
gLO_sBM_cAll_d14_mLO5_ch03,gLO,sBM,cAll,d14,mLO5,ch03,130,[123. 127.],[105.  83.],125.0,94.0,109.5,123.0,83.0,83.0,125.0,94.0,114.0
gKR_sBM_cAll_d30_mKR3_ch06,gKR,sBM,cAll,d30,mKR3,ch06,110,[112. 132.],[113. 113.],122.0,113.0,117.5,112.0,113.0,113.0,122.0,113.0,113.0
gHO_sBM_cAll_d20_mHO4_ch06,gHO,sBM,cAll,d20,mHO4,ch06,130,[ 81. 122.],[128. 125.],101.5,126.5,114.0,81.0,125.0,81.0,101.5,126.5,123.5
gLO_sBM_cAll_d14_mLO4_ch03,gLO,sBM,cAll,d14,mLO4,ch03,120,[127. 118.],[110. 139.],122.5,124.5,123.5,118.0,110.0,110.0,122.5,124.5,122.5
gHO_sBM_cAll_d21_mHO5_ch04,gHO,sBM,cAll,d21,mHO5,ch04,135,[ 71. 133.],[138. 134.],102.0,136.0,119.0,71.0,134.0,71.0,102.0,136.0,133.5
gJB_sBM_cAll_d07_mJB0_ch04,gJB,sBM,cAll,d07,mJB0,ch04,80,[118.  96.],[87. 84.],107.0,85.5,96.25,96.0,84.0,84.0,107.0,85.5,91.5
gBR_sBM_cAll_d06_mBR5_ch10,gBR,sBM,cAll,d06,mBR5,ch10,130,[132. 101.],[98. 98.],116.5,98.0,107.25,101.0,98.0,98.0,116.5,98.0,99.5
gJB_sBM_cAll_d09_mJB3_ch05,gJB,sBM,cAll,d09,mJB3,ch05,110,[ 74. 144.],[102.  70.],109.0,86.0,97.5,74.0,70.0,70.0,109.0,86.0,88.0
gKR_sFM_cAll_d30_mKR5_ch20,gKR,sFM,cAll,d30,mKR5,ch20,130,[143.  75.  80. 127. 144.],[ 86.  84.  81. 133. 134.],113.8,103.6,108.7,75.0,81.0,75.0,127.0,86.0,106.5
gMH_sBM_cAll_d23_mMH1_ch01,gMH,sBM,cAll,d23,mMH1,ch01,90,[ 97. 140.],[90. 90.],118.5,90.0,104.25,97.0,90.0,90.0,118.5,90.0,93.5
gPO_sBM_cAll_d10_mPO0_ch06,gPO,sBM,cAll,d10,mPO0,ch06,80,[92. 72.],[103. 111.],82.0,107.0,94.5,72.0,103.0,72.0,82.0,107.0,97.5
gWA_sBM_cAll_d27_mWA5_ch06,gWA,sBM,cAll,d27,mWA5,ch06,130,[126. 137.],[144. 128.],131.5,136.0,133.75,126.0,128.0,126.0,131.5,136.0,132.5
gJB_sBM_cAll_d07_mJB2_ch08,gJB,sBM,cAll,d07,mJB2,ch08,100,[114. 112.],[100. 101.],113.0,100.5,106.75,112.0,100.0,100.0,113.0,100.5,106.5
gLH_sBM_cAll_d16_mLH1_ch04,gLH,sBM,cAll,d16,mLH1,ch04,90,[ 89. 111.],[132.  89.],100.0,110.5,105.25,89.0,89.0,89.0,100.0,110.5,100.0
gPO_sBM_cAll_d10_mPO1_ch01,gPO,sBM,cAll,d10,mPO1,ch01,90,[91. 94.],[89. 93.],92.5,91.0,91.75,91.0,89.0,89.0,92.5,91.0,92.0
gJB_sBM_cAll_d09_mJB3_ch04,gJB,sBM,cAll,d09,mJB3,ch04,110,[ 78. 124.],[ 95. 107.],101.0,101.0,101.0,78.0,95.0,78.0,101.0,101.0,101.0
gLH_sBM_cAll_d18_mLH5_ch02,gLH,sBM,cAll,d18,mLH5,ch02,130,[100.  70.],[102. 131.],85.0,116.5,100.75,70.0,102.0,70.0,85.0,116.5,101.0
gKR_sBM_cAll_d29_mKR1_ch08,gKR,sBM,cAll,d29,mKR1,ch08,90,[144. 136.],[105.  89.],140.0,97.0,118.5,136.0,89.0,89.0,140.0,97.0,120.5
gKR_sBM_cAll_d30_mKR3_ch01,gKR,sBM,cAll,d30,mKR3,ch01,110,[ 81. 103.],[105. 107.],92.0,106.0,99.0,81.0,105.0,81.0,92.0,106.0,104.0
gLH_sBM_cAll_d17_mLH5_ch07,gLH,sBM,cAll,d17,mLH5,ch07,130,[94. 95.],[132. 129.],94.5,130.5,112.5,94.0,129.0,94.0,94.5,130.5,112.0
gWA_sBM_cAll_d26_mWA5_ch04,gWA,sBM,cAll,d26,mWA5,ch04,130,[103. 139.],[ 97. 102.],121.0,99.5,110.25,103.0,97.0,97.0,121.0,99.5,102.5
gWA_sBM_cAll_d27_mWA4_ch08,gWA,sBM,cAll,d27,mWA4,ch08,120,[121. 116.],[109. 139.],118.5,124.0,121.25,116.0,109.0,109.0,118.5,124.0,118.5
gLO_sBM_cAll_d15_mLO3_ch06,gLO,sBM,cAll,d15,mLO3,ch06,110,[130. 141.],[81. 84.],135.5,82.5,109.0,130.0,81.0,81.0,135.5,82.5,107.0
gLO_sBM_cAll_d15_mLO2_ch03,gLO,sBM,cAll,d15,mLO2,ch03,100,[122. 116.],[127. 139.],119.0,133.0,126.0,116.0,127.0,116.0,119.0,133.0,124.5
gJB_sBM_cAll_d09_mJB5_ch07,gJB,sBM,cAll,d09,mJB5,ch07,130,[124. 101.],[106.  97.],112.5,101.5,107.0,101.0,97.0,97.0,112.5,101.5,103.5
gHO_sBM_cAll_d20_mHO5_ch07,gHO,sBM,cAll,d20,mHO5,ch07,135,[134.  72.],[132.  70.],103.0,101.0,102.0,72.0,70.0,70.0,103.0,101.0,102.0
gPO_sBM_cAll_d10_mPO0_ch07,gPO,sBM,cAll,d10,mPO0,ch07,80,[83. 78.],[101. 114.],80.5,107.5,94.0,78.0,101.0,78.0,80.5,107.5,92.0
gPO_sBM_cAll_d11_mPO5_ch02,gPO,sBM,cAll,d11,mPO5,ch02,130,[142.  72.],[139.  98.],107.0,118.5,112.75,72.0,98.0,72.0,107.0,118.5,118.5
gJS_sBM_cAll_d03_mJS2_ch03,gJS,sBM,cAll,d03,mJS2,ch03,100,[94. 90.],[118.  75.],92.0,96.5,94.25,90.0,75.0,75.0,92.0,96.5,92.0
gJB_sBM_cAll_d08_mJB0_ch03,gJB,sBM,cAll,d08,mJB0,ch03,80,[113.  70.],[ 70. 140.],91.5,105.0,98.25,70.0,70.0,70.0,91.5,105.0,91.5
gLO_sFM_cAll_d15_mLO4_ch21,gLO,sFM,cAll,d15,mLO4,ch21,120,[144. 105.  82. 135. 107.],[133.  75. 111.  78. 137.],114.6,106.8,110.7,82.0,75.0,75.0,107.0,111.0,109.0
gPO_sBM_cAll_d11_mPO0_ch10,gPO,sBM,cAll,d11,mPO0,ch10,80,[100.  89.],[114.  98.],94.5,106.0,100.25,89.0,98.0,89.0,94.5,106.0,99.0
gJB_sBM_cAll_d08_mJB4_ch01,gJB,sBM,cAll,d08,mJB4,ch01,120,[70. 75.],[140.  78.],72.5,109.0,90.75,70.0,78.0,70.0,72.5,109.0,76.5
gKR_sBM_cAll_d28_mKR2_ch01,gKR,sBM,cAll,d28,mKR2,ch01,100,[124. 122.],[144. 102.],123.0,123.0,123.0,122.0,102.0,102.0,123.0,123.0,123.0
gKR_sBM_cAll_d30_mKR2_ch01,gKR,sBM,cAll,d30,mKR2,ch01,100,[ 79. 144.],[104. 101.],111.5,102.5,107.0,79.0,101.0,79.0,111.5,102.5,102.5
gKR_sBM_cAll_d28_mKR3_ch02,gKR,sBM,cAll,d28,mKR3,ch02,110,[106. 108.],[109. 108.],107.0,108.5,107.75,106.0,108.0,108.0,107.0,108.5,108.0
gPO_sBM_cAll_d10_mPO2_ch01,gPO,sBM,cAll,d10,mPO2,ch01,100,[100.  98.],[94. 73.],99.0,83.5,91.25,98.0,73.0,73.0,99.0,83.5,96.0
gLO_sBM_cAll_d13_mLO1_ch01,gLO,sBM,cAll,d13,mLO1,ch01,90,[126. 135.],[144. 115.],130.5,129.5,130.0,126.0,115.0,115.0,130.5,129.5,130.5
gMH_sBM_cAll_d22_mMH0_ch01,gMH,sBM,cAll,d22,mMH0,ch01,80,[92. 80.],[108.  79.],86.0,93.5,89.75,80.0,79.0,79.0,86.0,93.5,86.0
gMH_sBM_cAll_d24_mMH2_ch07,gMH,sBM,cAll,d24,mMH2,ch07,100,[104.  93.],[103.  98.],98.5,100.5,99.5,93.0,98.0,93.0,98.5,100.5,100.5
gWA_sBM_cAll_d25_mWA3_ch09,gWA,sBM,cAll,d25,mWA3,ch09,110,[107. 109.],[106. 109.],108.0,107.5,107.75,107.0,106.0,109.0,108.0,107.5,108.0
gPO_sBM_cAll_d11_mPO4_ch09,gPO,sBM,cAll,d11,mPO4,ch09,120,[112. 109.],[122.  99.],110.5,110.5,110.5,109.0,99.0,99.0,110.5,110.5,110.5
gLO_sBM_cAll_d14_mLO0_ch04,gLO,sBM,cAll,d14,mLO0,ch04,80,[126. 107.],[100.  77.],116.5,88.5,102.5,107.0,77.0,77.0,116.5,88.5,103.5
gJS_sBM_cAll_d03_mJS3_ch10,gJS,sBM,cAll,d03,mJS3,ch10,110,[110. 136.],[ 88. 125.],123.0,106.5,114.75,110.0,88.0,88.0,123.0,106.5,117.5
gHO_sBM_cAll_d21_mHO5_ch08,gHO,sBM,cAll,d21,mHO5,ch08,135,[113.  71.],[136. 104.],92.0,120.0,106.0,71.0,104.0,71.0,92.0,120.0,108.5
gPO_sFM_cAll_d10_mPO5_ch06,gPO,sFM,cAll,d10,mPO5,ch06,130,[106.  96.  93. 118. 132.],[110. 130. 133.  70.  70.],109.0,102.6,105.8,93.0,70.0,70.0,106.0,110.0,108.0
gBR_sBM_cAll_d04_mBR3_ch03,gBR,sBM,cAll,d04,mBR3,ch03,110,[108. 111.],[108. 107.],109.5,107.5,108.5,108.0,107.0,108.0,109.5,107.5,108.0
gWA_sBM_cAll_d27_mWA5_ch04,gWA,sBM,cAll,d27,mWA5,ch04,130,[95. 70.],[102.  70.],82.5,86.0,84.25,70.0,70.0,70.0,82.5,86.0,82.5
gMH_sBM_cAll_d24_mMH5_ch04,gMH,sBM,cAll,d24,mMH5,ch04,130,[131. 130.],[133.  79.],130.5,106.0,118.25,130.0,79.0,79.0,130.5,106.0,130.5
gKR_sBM_cAll_d30_mKR3_ch04,gKR,sBM,cAll,d30,mKR3,ch04,110,[143. 115.],[115. 111.],129.0,113.0,121.0,115.0,111.0,115.0,129.0,113.0,115.0
gWA_sBM_cAll_d26_mWA0_ch01,gWA,sBM,cAll,d26,mWA0,ch01,80,[ 92. 144.],[99. 80.],118.0,89.5,103.75,92.0,80.0,80.0,118.0,89.5,95.5
gLH_sFM_cAll_d17_mLH3_ch11,gLH,sFM,cAll,d17,mLH3,ch11,110,[102. 113. 111. 100. 116.],[112. 114. 118.  74. 106.],108.4,104.8,106.6,100.0,74.0,74.0,111.0,112.0,111.5
gPO_sBM_cAll_d11_mPO4_ch08,gPO,sBM,cAll,d11,mPO4,ch08,120,[112. 126.],[ 78. 118.],119.0,98.0,108.5,112.0,78.0,78.0,119.0,98.0,115.0
gMH_sBM_cAll_d24_mMH3_ch01,gMH,sBM,cAll,d24,mMH3,ch01,110,[115. 106.],[70. 70.],110.5,70.0,90.25,106.0,70.0,70.0,110.5,70.0,88.0
gJB_sBM_cAll_d09_mJB4_ch05,gJB,sBM,cAll,d09,mJB4,ch05,120,[95. 78.],[70. 70.],86.5,70.0,78.25,78.0,70.0,70.0,86.5,70.0,74.0
gJB_sBM_cAll_d07_mJB1_ch02,gJB,sBM,cAll,d07,mJB1,ch02,90,[75. 70.],[131. 134.],72.5,132.5,102.5,70.0,131.0,70.0,72.5,132.5,103.0
gKR_sBM_cAll_d30_mKR3_ch07,gKR,sBM,cAll,d30,mKR3,ch07,110,[98. 91.],[128. 119.],94.5,123.5,109.0,91.0,119.0,91.0,94.5,123.5,108.5
gMH_sFM_cAll_d24_mMH5_ch20,gMH,sFM,cAll,d24,mMH5,ch20,130,[ 70.  95. 120. 125. 128.],[142. 136.  84. 131. 133.],107.6,125.2,116.4,70.0,84.0,70.0,120.0,133.0,126.5
gKR_sBM_cAll_d28_mKR0_ch06,gKR,sBM,cAll,d28,mKR0,ch06,80,[82. 81.],[123. 118.],81.5,120.5,101.0,81.0,118.0,81.0,81.5,120.5,100.0
gHO_sBM_cAll_d20_mHO5_ch05,gHO,sBM,cAll,d20,mHO5,ch05,135,[136.  70.],[112. 134.],103.0,123.0,113.0,70.0,112.0,70.0,103.0,123.0,123.0
gHO_sFM_cAll_d19_mHO2_ch07,gHO,sFM,cAll,d19,mHO2,ch07,120,[130. 144. 114. 123.  70.],[120.  98. 121. 127. 119.],116.2,117.0,116.6,70.0,98.0,70.0,123.0,120.0,120.5
gHO_sBM_cAll_d19_mHO1_ch02,gHO,sBM,cAll,d19,mHO1,ch02,115,[107. 116.],[106. 126.],111.5,116.0,113.75,107.0,106.0,106.0,111.5,116.0,111.5
gPO_sBM_cAll_d11_mPO4_ch05,gPO,sBM,cAll,d11,mPO4,ch05,120,[107.  74.],[106. 102.],90.5,104.0,97.25,74.0,102.0,74.0,90.5,104.0,104.0
gWA_sBM_cAll_d25_mWA2_ch05,gWA,sBM,cAll,d25,mWA2,ch05,100,[ 80. 136.],[ 99. 127.],108.0,113.0,110.5,80.0,99.0,80.0,108.0,113.0,113.0
gLO_sBM_cAll_d15_mLO3_ch09,gLO,sBM,cAll,d15,mLO3,ch09,110,[142. 105.],[84. 84.],123.5,84.0,103.75,105.0,84.0,84.0,123.5,84.0,94.5
gKR_sBM_cAll_d28_mKR0_ch08,gKR,sBM,cAll,d28,mKR0,ch08,80,[101. 102.],[82. 81.],101.5,81.5,91.5,101.0,81.0,81.0,101.5,81.5,91.5
gHO_sBM_cAll_d19_mHO0_ch01,gHO,sBM,cAll,d19,mHO0,ch01,110,[139.  84.],[106. 110.],111.5,108.0,109.75,84.0,106.0,84.0,111.5,108.0,108.0
gLH_sBM_cAll_d17_mLH1_ch05,gLH,sBM,cAll,d17,mLH1,ch05,90,[107.  70.],[ 73. 104.],88.5,88.5,88.5,70.0,73.0,70.0,88.5,88.5,88.5
gPO_sBM_cAll_d10_mPO2_ch04,gPO,sBM,cAll,d10,mPO2,ch04,100,[99. 96.],[ 73. 137.],97.5,105.0,101.25,96.0,73.0,73.0,97.5,105.0,97.5
gWA_sBM_cAll_d25_mWA1_ch02,gWA,sBM,cAll,d25,mWA1,ch02,90,[106. 138.],[88. 82.],122.0,85.0,103.5,106.0,82.0,82.0,122.0,85.0,97.0
gPO_sBM_cAll_d11_mPO0_ch04,gPO,sBM,cAll,d11,mPO0,ch04,80,[144. 144.],[138. 133.],144.0,135.5,139.75,144.0,133.0,144.0,144.0,135.5,141.0
gJB_sBM_cAll_d09_mJB5_ch01,gJB,sBM,cAll,d09,mJB5,ch01,130,[129.  86.],[125.  84.],107.5,104.5,106.0,86.0,84.0,84.0,107.5,104.5,105.5
gPO_sBM_cAll_d10_mPO0_ch08,gPO,sBM,cAll,d10,mPO0,ch08,80,[79. 71.],[79. 83.],75.0,81.0,78.0,71.0,79.0,79.0,75.0,81.0,79.0
gJS_sBM_cAll_d02_mJS1_ch05,gJS,sBM,cAll,d02,mJS1,ch05,90,[117.  88.],[91. 86.],102.5,88.5,95.5,88.0,86.0,86.0,102.5,88.5,89.5
gJS_sBM_cAll_d02_mJS1_ch02,gJS,sBM,cAll,d02,mJS1,ch02,90,[130. 103.],[ 84. 108.],116.5,96.0,106.25,103.0,84.0,84.0,116.5,96.0,105.5
gLH_sFM_cAll_d18_mLH3_ch18,gLH,sFM,cAll,d18,mLH3,ch18,110,[119. 109. 123.  95. 129.],[104.  99. 132. 121. 100.],115.0,111.2,113.1,95.0,99.0,95.0,119.0,104.0,114.0
gLH_sBM_cAll_d18_mLH3_ch09,gLH,sBM,cAll,d18,mLH3,ch09,110,[113. 106.],[113. 105.],109.5,109.0,109.25,106.0,105.0,113.0,109.5,109.0,109.5
gPO_sBM_cAll_d10_mPO3_ch09,gPO,sBM,cAll,d10,mPO3,ch09,110,[96. 90.],[84. 85.],93.0,84.5,88.75,90.0,84.0,84.0,93.0,84.5,87.5
gLH_sBM_cAll_d16_mLH0_ch10,gLH,sBM,cAll,d16,mLH0,ch10,80,[ 81. 101.],[109.  93.],91.0,101.0,96.0,81.0,93.0,81.0,91.0,101.0,97.0
gLH_sBM_cAll_d18_mLH2_ch08,gLH,sBM,cAll,d18,mLH2,ch08,100,[95. 71.],[131.  90.],83.0,110.5,96.75,71.0,90.0,71.0,83.0,110.5,92.5
gPO_sBM_cAll_d12_mPO2_ch07,gPO,sBM,cAll,d12,mPO2,ch07,100,[70. 81.],[122. 102.],75.5,112.0,93.75,70.0,102.0,70.0,75.5,112.0,91.5
gHO_sBM_cAll_d20_mHO4_ch03,gHO,sBM,cAll,d20,mHO4,ch03,130,[100.  95.],[131. 122.],97.5,126.5,112.0,95.0,122.0,95.0,97.5,126.5,111.0
gPO_sBM_cAll_d11_mPO1_ch08,gPO,sBM,cAll,d11,mPO1,ch08,90,[115.  90.],[101.  87.],102.5,94.0,98.25,90.0,87.0,87.0,102.5,94.0,95.5
gPO_sBM_cAll_d11_mPO4_ch01,gPO,sBM,cAll,d11,mPO4,ch01,120,[117. 120.],[116. 116.],118.5,116.0,117.25,117.0,116.0,116.0,118.5,116.0,116.5
gJS_sBM_cAll_d01_mJS1_ch10,gJS,sBM,cAll,d01,mJS1,ch10,90,[125. 144.],[86. 78.],134.5,82.0,108.25,125.0,78.0,78.0,134.5,82.0,105.5
gLH_sBM_cAll_d17_mLH5_ch01,gLH,sBM,cAll,d17,mLH5,ch01,130,[ 97. 103.],[ 73. 124.],100.0,98.5,99.25,97.0,73.0,73.0,100.0,98.5,100.0
gJS_sBM_cAll_d03_mJS5_ch06,gJS,sBM,cAll,d03,mJS5,ch06,130,[128. 119.],[ 85. 138.],123.5,111.5,117.5,119.0,85.0,85.0,123.5,111.5,123.5
gMH_sBM_cAll_d23_mMH5_ch07,gMH,sBM,cAll,d23,mMH5,ch07,130,[ 98. 102.],[127. 122.],100.0,124.5,112.25,98.0,122.0,98.0,100.0,124.5,112.0
gLH_sFM_cAll_d18_mLH0_ch15,gLH,sFM,cAll,d18,mLH0,ch15,80,[ 99.  90. 144.  87.  95.  89. 144.],[117. 106.  84.  77.  89.  96. 137.],106.86,100.86,103.85714285714286,144.0,77.0,89.0,95.0,96.0,95.5
gPO_sBM_cAll_d10_mPO1_ch04,gPO,sBM,cAll,d10,mPO1,ch04,90,[103. 119.],[102. 104.],111.0,103.0,107.0,103.0,102.0,102.0,111.0,103.0,103.5
gKR_sBM_cAll_d28_mKR3_ch01,gKR,sBM,cAll,d28,mKR3,ch01,110,[ 89. 135.],[110. 113.],112.0,111.5,111.75,89.0,110.0,89.0,112.0,111.5,111.5
gJB_sBM_cAll_d07_mJB3_ch08,gJB,sBM,cAll,d07,mJB3,ch08,110,[87. 70.],[120. 107.],78.5,113.5,96.0,70.0,107.0,70.0,78.5,113.5,97.0
gKR_sBM_cAll_d30_mKR5_ch02,gKR,sBM,cAll,d30,mKR5,ch02,130,[99. 86.],[128. 107.],92.5,117.5,105.0,86.0,107.0,86.0,92.5,117.5,103.0
gLH_sBM_cAll_d17_mLH1_ch03,gLH,sBM,cAll,d17,mLH1,ch03,90,[125. 121.],[127.  90.],123.0,108.5,115.75,121.0,90.0,90.0,123.0,108.5,123.0
gLO_sBM_cAll_d15_mLO5_ch09,gLO,sBM,cAll,d15,mLO5,ch09,130,[99. 70.],[100.  99.],84.5,99.5,92.0,70.0,99.0,99.0,84.5,99.5,99.0
gMH_sBM_cAll_d23_mMH5_ch08,gMH,sBM,cAll,d23,mMH5,ch08,130,[103. 125.],[126. 127.],114.0,126.5,120.25,103.0,126.0,103.0,114.0,126.5,125.5
gBR_sBM_cAll_d04_mBR2_ch09,gBR,sBM,cAll,d04,mBR2,ch09,100,[125. 124.],[101.  97.],124.5,99.0,111.75,124.0,97.0,97.0,124.5,99.0,112.5
gMH_sBM_cAll_d22_mMH1_ch04,gMH,sBM,cAll,d22,mMH1,ch04,90,[94. 90.],[91. 93.],92.0,92.0,92.0,90.0,91.0,90.0,92.0,92.0,92.0
gLO_sBM_cAll_d13_mLO0_ch09,gLO,sBM,cAll,d13,mLO0,ch09,80,[123. 120.],[88. 79.],121.5,83.5,102.5,120.0,79.0,79.0,121.5,83.5,104.0
gLH_sBM_cAll_d17_mLH0_ch08,gLH,sBM,cAll,d17,mLH0,ch08,80,[119.  83.],[ 95. 120.],101.0,107.5,104.25,83.0,95.0,83.0,101.0,107.5,107.0
gWA_sBM_cAll_d27_mWA4_ch01,gWA,sBM,cAll,d27,mWA4,ch01,120,[114. 114.],[127. 118.],114.0,122.5,118.25,114.0,118.0,114.0,114.0,122.5,116.0
gHO_sBM_cAll_d21_mHO2_ch05,gHO,sBM,cAll,d21,mHO2,ch05,120,[119. 120.],[117. 120.],119.5,118.5,119.0,119.0,117.0,120.0,119.5,118.5,119.5
gLH_sBM_cAll_d17_mLH4_ch07,gLH,sBM,cAll,d17,mLH4,ch07,120,[144. 113.],[ 86. 120.],128.5,103.0,115.75,113.0,86.0,86.0,128.5,103.0,116.5
gBR_sBM_cAll_d04_mBR0_ch04,gBR,sBM,cAll,d04,mBR0,ch04,80,[101. 101.],[82. 81.],101.0,81.5,91.25,101.0,81.0,101.0,101.0,81.5,91.5
gHO_sBM_cAll_d21_mHO4_ch03,gHO,sBM,cAll,d21,mHO4,ch03,130,[93. 92.],[99. 95.],92.5,97.0,94.75,92.0,95.0,92.0,92.5,97.0,94.0
gMH_sBM_cAll_d24_mMH4_ch04,gMH,sBM,cAll,d24,mMH4,ch04,120,[121. 121.],[83. 78.],121.0,80.5,100.75,121.0,78.0,121.0,121.0,80.5,102.0
gLH_sFM_cAll_d17_mLH4_ch12,gLH,sFM,cAll,d17,mLH4,ch12,120,[ 90. 142.  97. 135.  89.],[ 93. 119.  72. 102. 124.],110.6,102.0,106.3,89.0,72.0,72.0,97.0,102.0,99.5
gKR_sBM_cAll_d29_mKR0_ch08,gKR,sBM,cAll,d29,mKR0,ch08,80,[131. 120.],[100. 100.],125.5,100.0,112.75,120.0,100.0,100.0,125.5,100.0,110.0
gPO_sBM_cAll_d11_mPO4_ch07,gPO,sBM,cAll,d11,mPO4,ch07,120,[133.  83.],[ 80. 117.],108.0,98.5,103.25,83.0,80.0,80.0,108.0,98.5,100.0
gLH_sBM_cAll_d18_mLH2_ch10,gLH,sBM,cAll,d18,mLH2,ch10,100,[ 70. 100.],[ 73. 103.],85.0,88.0,86.5,70.0,73.0,70.0,85.0,88.0,86.5
gBR_sBM_cAll_d05_mBR5_ch01,gBR,sBM,cAll,d05,mBR5,ch01,130,[ 70. 123.],[144.  95.],96.5,119.5,108.0,70.0,95.0,70.0,96.5,119.5,109.0
gLH_sBM_cAll_d18_mLH3_ch04,gLH,sBM,cAll,d18,mLH3,ch04,110,[110.  80.],[ 98. 108.],95.0,103.0,99.0,80.0,98.0,80.0,95.0,103.0,103.0
gBR_sBM_cAll_d04_mBR0_ch09,gBR,sBM,cAll,d04,mBR0,ch09,80,[92. 79.],[73. 79.],85.5,76.0,80.75,79.0,73.0,79.0,85.5,76.0,79.0
gJS_sBM_cAll_d03_mJS3_ch02,gJS,sBM,cAll,d03,mJS3,ch02,110,[144.  93.],[110. 116.],118.5,113.0,115.75,93.0,110.0,93.0,118.5,113.0,113.0
gJB_sFM_cAll_d07_mJB4_ch05,gJB,sFM,cAll,d07,mJB4,ch05,120,[129.  86. 143.  78.  78.],[116. 127. 139. 117. 123.],102.8,124.4,113.6,78.0,116.0,78.0,86.0,123.0,120.0
gLH_sBM_cAll_d17_mLH5_ch03,gLH,sBM,cAll,d17,mLH5,ch03,130,[ 70. 128.],[70. 72.],99.0,71.0,85.0,70.0,70.0,70.0,99.0,71.0,71.0
gWA_sBM_cAll_d26_mWA0_ch02,gWA,sBM,cAll,d26,mWA0,ch02,80,[110.  95.],[144.  90.],102.5,117.0,109.75,95.0,90.0,90.0,102.5,117.0,102.5
gJS_sBM_cAll_d01_mJS0_ch05,gJS,sBM,cAll,d01,mJS0,ch05,80,[70. 83.],[132.  87.],76.5,109.5,93.0,70.0,87.0,70.0,76.5,109.5,85.0
gLH_sBM_cAll_d17_mLH4_ch06,gLH,sBM,cAll,d17,mLH4,ch06,120,[122.  78.],[120. 119.],100.0,119.5,109.75,78.0,119.0,78.0,100.0,119.5,119.5
gJB_sBM_cAll_d07_mJB2_ch10,gJB,sBM,cAll,d07,mJB2,ch10,100,[ 77. 106.],[ 98. 132.],91.5,115.0,103.25,77.0,98.0,77.0,91.5,115.0,102.0
gBR_sBM_cAll_d06_mBR4_ch10,gBR,sBM,cAll,d06,mBR4,ch10,120,[127. 142.],[95. 87.],134.5,91.0,112.75,127.0,87.0,87.0,134.5,91.0,111.0
gHO_sBM_cAll_d19_mHO3_ch03,gHO,sBM,cAll,d19,mHO3,ch03,125,[97. 91.],[123. 120.],94.0,121.5,107.75,91.0,120.0,91.0,94.0,121.5,108.5
gMH_sBM_cAll_d24_mMH2_ch02,gMH,sBM,cAll,d24,mMH2,ch02,100,[116.  76.],[116. 144.],96.0,130.0,113.0,76.0,116.0,116.0,96.0,130.0,116.0
gKR_sBM_cAll_d30_mKR2_ch07,gKR,sBM,cAll,d30,mKR2,ch07,100,[ 93. 125.],[ 94. 101.],109.0,97.5,103.25,93.0,94.0,93.0,109.0,97.5,97.5
gJS_sBM_cAll_d03_mJS5_ch07,gJS,sBM,cAll,d03,mJS5,ch07,130,[138. 138.],[105. 139.],138.0,122.0,130.0,138.0,105.0,138.0,138.0,122.0,138.0
gHO_sBM_cAll_d21_mHO5_ch02,gHO,sBM,cAll,d21,mHO5,ch02,135,[133. 134.],[131. 140.],133.5,135.5,134.5,133.0,131.0,131.0,133.5,135.5,133.5
gPO_sBM_cAll_d10_mPO2_ch02,gPO,sBM,cAll,d10,mPO2,ch02,100,[144.  79.],[144.  99.],111.5,121.5,116.5,79.0,99.0,144.0,111.5,121.5,121.5
gWA_sBM_cAll_d27_mWA2_ch06,gWA,sBM,cAll,d27,mWA2,ch06,100,[117. 103.],[110. 106.],110.0,108.0,109.0,103.0,106.0,103.0,110.0,108.0,108.0
gHO_sBM_cAll_d20_mHO5_ch09,gHO,sBM,cAll,d20,mHO5,ch09,135,[132.  70.],[131. 133.],101.0,132.0,116.5,70.0,131.0,70.0,101.0,132.0,131.5
gKR_sBM_cAll_d28_mKR2_ch05,gKR,sBM,cAll,d28,mKR2,ch05,100,[102. 101.],[144. 127.],101.5,135.5,118.5,101.0,127.0,101.0,101.5,135.5,114.5
gJB_sBM_cAll_d09_mJB3_ch02,gJB,sBM,cAll,d09,mJB3,ch02,110,[115. 128.],[117. 138.],121.5,127.5,124.5,115.0,117.0,115.0,121.5,127.5,122.5
gLH_sBM_cAll_d17_mLH4_ch02,gLH,sBM,cAll,d17,mLH4,ch02,120,[119. 124.],[116. 101.],121.5,108.5,115.0,119.0,101.0,101.0,121.5,108.5,117.5
gBR_sFM_cAll_d06_mBR1_ch15,gBR,sFM,cAll,d06,mBR1,ch15,90,[ 95. 112.  81.  93. 129.  91. 114.],[ 95.  95. 117.  91. 112.  88. 139.],102.14,105.29,103.71428571428571,81.0,95.0,95.0,95.0,95.0,95.0
gBR_sBM_cAll_d06_mBR2_ch01,gBR,sBM,cAll,d06,mBR2,ch01,100,[103.  76.],[105.  98.],89.5,101.5,95.5,76.0,98.0,76.0,89.5,101.5,100.5
gKR_sBM_cAll_d29_mKR5_ch02,gKR,sBM,cAll,d29,mKR5,ch02,130,[86. 70.],[72. 70.],78.0,71.0,74.5,70.0,70.0,70.0,78.0,71.0,71.0
gKR_sBM_cAll_d28_mKR0_ch07,gKR,sBM,cAll,d28,mKR0,ch07,80,[128. 143.],[118. 121.],135.5,119.5,127.5,128.0,118.0,118.0,135.5,119.5,124.5
gKR_sBM_cAll_d28_mKR0_ch04,gKR,sBM,cAll,d28,mKR0,ch04,80,[ 70. 133.],[86. 83.],101.5,84.5,93.0,70.0,83.0,70.0,101.5,84.5,84.5
gJB_sBM_cAll_d07_mJB3_ch04,gJB,sBM,cAll,d07,mJB3,ch04,110,[ 98. 107.],[126.  70.],102.5,98.0,100.25,98.0,70.0,70.0,102.5,98.0,102.5
gBR_sBM_cAll_d05_mBR0_ch02,gBR,sBM,cAll,d05,mBR0,ch02,80,[ 94. 104.],[ 83. 138.],99.0,110.5,104.75,94.0,83.0,83.0,99.0,110.5,99.0
gWA_sBM_cAll_d26_mWA1_ch01,gWA,sBM,cAll,d26,mWA1,ch01,90,[97. 71.],[121. 115.],84.0,118.0,101.0,71.0,115.0,71.0,84.0,118.0,106.0
gKR_sBM_cAll_d29_mKR0_ch05,gKR,sBM,cAll,d29,mKR0,ch05,80,[115. 139.],[144. 120.],127.0,132.0,129.5,115.0,120.0,115.0,127.0,132.0,129.5
gLO_sBM_cAll_d14_mLO4_ch09,gLO,sBM,cAll,d14,mLO4,ch09,120,[ 99. 111.],[ 91. 120.],105.0,105.5,105.25,99.0,91.0,91.0,105.0,105.5,105.0
gMH_sBM_cAll_d22_mMH0_ch03,gMH,sBM,cAll,d22,mMH0,ch03,80,[84. 81.],[74. 82.],82.5,78.0,80.25,81.0,74.0,74.0,82.5,78.0,81.5
gKR_sBM_cAll_d28_mKR3_ch04,gKR,sBM,cAll,d28,mKR3,ch04,110,[110. 111.],[144. 113.],110.5,128.5,119.5,110.0,113.0,110.0,110.5,128.5,112.0
gHO_sBM_cAll_d21_mHO3_ch02,gHO,sBM,cAll,d21,mHO3,ch02,125,[144.  70.],[144. 124.],107.0,134.0,120.5,70.0,124.0,144.0,107.0,134.0,134.0
gPO_sBM_cAll_d10_mPO0_ch10,gPO,sBM,cAll,d10,mPO0,ch10,80,[70. 74.],[ 84. 143.],72.0,113.5,92.75,70.0,84.0,70.0,72.0,113.5,79.0
gJS_sBM_cAll_d02_mJS1_ch03,gJS,sBM,cAll,d02,mJS1,ch03,90,[106. 105.],[118.  81.],105.5,99.5,102.5,105.0,81.0,81.0,105.5,99.5,105.5
gJS_sBM_cAll_d03_mJS4_ch08,gJS,sBM,cAll,d03,mJS4,ch08,120,[125. 144.],[120. 140.],134.5,130.0,132.25,125.0,120.0,120.0,134.5,130.0,132.5
gHO_sBM_cAll_d21_mHO5_ch01,gHO,sBM,cAll,d21,mHO5,ch01,135,[132. 136.],[133. 130.],134.0,131.5,132.75,132.0,130.0,130.0,134.0,131.5,132.5
gLO_sBM_cAll_d15_mLO2_ch07,gLO,sBM,cAll,d15,mLO2,ch07,100,[108. 129.],[85. 70.],118.5,77.5,98.0,108.0,70.0,70.0,118.5,77.5,96.5
gHO_sBM_cAll_d19_mHO0_ch04,gHO,sBM,cAll,d19,mHO0,ch04,110,[144. 110.],[104. 111.],127.0,107.5,117.25,110.0,104.0,104.0,127.0,107.5,110.5
gHO_sBM_cAll_d20_mHO0_ch03,gHO,sBM,cAll,d20,mHO0,ch03,110,[91. 81.],[110. 109.],86.0,109.5,97.75,81.0,109.0,81.0,86.0,109.5,100.0
gJB_sBM_cAll_d09_mJB4_ch04,gJB,sBM,cAll,d09,mJB4,ch04,120,[114. 122.],[144. 122.],118.0,133.0,125.5,114.0,122.0,122.0,118.0,133.0,122.0
gBR_sBM_cAll_d04_mBR1_ch02,gBR,sBM,cAll,d04,mBR1,ch02,90,[111.  90.],[126.  91.],100.5,108.5,104.5,90.0,91.0,90.0,100.5,108.5,101.0
gHO_sBM_cAll_d20_mHO1_ch07,gHO,sBM,cAll,d20,mHO1,ch07,115,[ 70. 118.],[116. 116.],94.0,116.0,105.0,70.0,116.0,116.0,94.0,116.0,116.0
gLO_sBM_cAll_d13_mLO0_ch07,gLO,sBM,cAll,d13,mLO0,ch07,80,[141.  78.],[85. 80.],109.5,82.5,96.0,78.0,80.0,78.0,109.5,82.5,82.5
gPO_sBM_cAll_d10_mPO1_ch08,gPO,sBM,cAll,d10,mPO1,ch08,90,[125. 144.],[96. 93.],134.5,94.5,114.5,125.0,93.0,93.0,134.5,94.5,110.5
gPO_sBM_cAll_d11_mPO5_ch10,gPO,sBM,cAll,d11,mPO5,ch10,130,[112. 130.],[110.  97.],121.0,103.5,112.25,112.0,97.0,97.0,121.0,103.5,111.0
gHO_sBM_cAll_d19_mHO3_ch08,gHO,sBM,cAll,d19,mHO3,ch08,125,[144. 123.],[ 97. 124.],133.5,110.5,122.0,123.0,97.0,97.0,133.5,110.5,123.5
gHO_sBM_cAll_d21_mHO5_ch07,gHO,sBM,cAll,d21,mHO5,ch07,135,[72. 70.],[135. 133.],71.0,134.0,102.5,70.0,133.0,70.0,71.0,134.0,102.5
gLO_sFM_cAll_d15_mLO0_ch15,gLO,sFM,cAll,d15,mLO0,ch15,80,[140.  78.  77. 144. 135. 123. 130.],[ 86. 107.  98.  86. 106. 122.  79.],118.14,97.71,107.92857142857143,77.0,86.0,86.0,130.0,98.0,106.5
gJS_sBM_cAll_d03_mJS4_ch09,gJS,sBM,cAll,d03,mJS4,ch09,120,[83. 85.],[123. 144.],84.0,133.5,108.75,83.0,123.0,83.0,84.0,133.5,104.0
gLO_sBM_cAll_d13_mLO1_ch04,gLO,sBM,cAll,d13,mLO1,ch04,90,[137. 106.],[144. 133.],121.5,138.5,130.0,106.0,133.0,106.0,121.5,138.5,135.0
gLH_sBM_cAll_d18_mLH2_ch07,gLH,sBM,cAll,d18,mLH2,ch07,100,[96. 99.],[ 95. 101.],97.5,98.0,97.75,96.0,95.0,95.0,97.5,98.0,97.5
gMH_sBM_cAll_d23_mMH5_ch02,gMH,sBM,cAll,d23,mMH5,ch02,130,[ 91. 140.],[119. 129.],115.5,124.0,119.75,91.0,119.0,91.0,115.5,124.0,124.0
gBR_sBM_cAll_d04_mBR3_ch06,gBR,sBM,cAll,d04,mBR3,ch06,110,[91. 83.],[112. 100.],87.0,106.0,96.5,83.0,100.0,83.0,87.0,106.0,95.5
gLO_sBM_cAll_d13_mLO3_ch09,gLO,sBM,cAll,d13,mLO3,ch09,110,[ 89. 106.],[134. 135.],97.5,134.5,116.0,89.0,134.0,89.0,97.5,134.5,120.0
gHO_sBM_cAll_d19_mHO0_ch05,gHO,sBM,cAll,d19,mHO0,ch05,110,[144. 108.],[105. 108.],126.0,106.5,116.25,108.0,105.0,108.0,126.0,106.5,108.0
gMH_sBM_cAll_d22_mMH3_ch04,gMH,sBM,cAll,d22,mMH3,ch04,110,[111. 108.],[107. 107.],109.5,107.0,108.25,108.0,107.0,107.0,109.5,107.0,107.5
gLH_sBM_cAll_d16_mLH0_ch09,gLH,sBM,cAll,d16,mLH0,ch09,80,[ 70. 129.],[ 75. 102.],99.5,88.5,94.0,70.0,75.0,70.0,99.5,88.5,88.5
gKR_sBM_cAll_d29_mKR4_ch02,gKR,sBM,cAll,d29,mKR4,ch02,120,[137.  75.],[119. 122.],106.0,120.5,113.25,75.0,119.0,75.0,106.0,120.5,120.5
gMH_sBM_cAll_d24_mMH4_ch08,gMH,sBM,cAll,d24,mMH4,ch08,120,[116. 127.],[123. 123.],121.5,123.0,122.25,116.0,123.0,123.0,121.5,123.0,123.0
gMH_sBM_cAll_d24_mMH5_ch02,gMH,sBM,cAll,d24,mMH5,ch02,130,[ 83. 135.],[100. 108.],109.0,104.0,106.5,83.0,100.0,83.0,109.0,104.0,104.0
gWA_sBM_cAll_d27_mWA3_ch02,gWA,sBM,cAll,d27,mWA3,ch02,110,[124.  83.],[103. 115.],103.5,109.0,106.25,83.0,103.0,83.0,103.5,109.0,109.0
gJB_sBM_cAll_d08_mJB0_ch09,gJB,sBM,cAll,d08,mJB0,ch09,80,[105. 103.],[135. 108.],104.0,121.5,112.75,103.0,108.0,103.0,104.0,121.5,106.5
gPO_sBM_cAll_d10_mPO0_ch02,gPO,sBM,cAll,d10,mPO0,ch02,80,[ 76. 144.],[82. 82.],110.0,82.0,96.0,76.0,82.0,82.0,110.0,82.0,82.0
gLO_sBM_cAll_d14_mLO5_ch02,gLO,sBM,cAll,d14,mLO5,ch02,130,[137.  81.],[70. 96.],109.0,83.0,96.0,81.0,70.0,70.0,109.0,83.0,88.5
gKR_sBM_cAll_d29_mKR0_ch07,gKR,sBM,cAll,d29,mKR0,ch07,80,[117.  80.],[ 80. 121.],98.5,100.5,99.5,80.0,80.0,80.0,98.5,100.5,98.5
gJB_sBM_cAll_d08_mJB5_ch03,gJB,sBM,cAll,d08,mJB5,ch03,130,[132. 115.],[134. 130.],123.5,132.0,127.75,115.0,130.0,115.0,123.5,132.0,131.0
gBR_sBM_cAll_d06_mBR5_ch07,gBR,sBM,cAll,d06,mBR5,ch07,130,[105.  97.],[104. 100.],101.0,102.0,101.5,97.0,100.0,97.0,101.0,102.0,102.0
gJB_sBM_cAll_d08_mJB1_ch01,gJB,sBM,cAll,d08,mJB1,ch01,90,[102. 105.],[102. 105.],103.5,103.5,103.5,102.0,102.0,102.0,103.5,103.5,103.5
gBR_sBM_cAll_d05_mBR4_ch09,gBR,sBM,cAll,d05,mBR4,ch09,120,[70. 91.],[120. 127.],80.5,123.5,102.0,70.0,120.0,70.0,80.5,123.5,105.5
gBR_sBM_cAll_d06_mBR3_ch10,gBR,sBM,cAll,d06,mBR3,ch10,110,[104. 140.],[83. 84.],122.0,83.5,102.75,104.0,83.0,83.0,122.0,83.5,94.0
gWA_sBM_cAll_d27_mWA3_ch07,gWA,sBM,cAll,d27,mWA3,ch07,110,[124.  73.],[ 93. 144.],98.5,118.5,108.5,73.0,93.0,73.0,98.5,118.5,108.5
gKR_sBM_cAll_d29_mKR1_ch04,gKR,sBM,cAll,d29,mKR1,ch04,90,[115. 144.],[118. 144.],129.5,131.0,130.25,115.0,118.0,144.0,129.5,131.0,131.0
gLO_sBM_cAll_d15_mLO3_ch03,gLO,sBM,cAll,d15,mLO3,ch03,110,[105. 100.],[ 84. 144.],102.5,114.0,108.25,100.0,84.0,84.0,102.5,114.0,102.5
gPO_sBM_cAll_d11_mPO1_ch03,gPO,sBM,cAll,d11,mPO1,ch03,90,[91. 90.],[92. 88.],90.5,90.0,90.25,90.0,88.0,88.0,90.5,90.0,90.5
gBR_sBM_cAll_d05_mBR4_ch04,gBR,sBM,cAll,d05,mBR4,ch04,120,[ 87. 117.],[127. 121.],102.0,124.0,113.0,87.0,121.0,87.0,102.0,124.0,119.0
gHO_sFM_cAll_d21_mHO1_ch16,gHO,sFM,cAll,d21,mHO1,ch16,115,[110.  70.  94. 106. 141.],[144. 108. 115.  99. 116.],104.2,116.4,110.3,70.0,99.0,70.0,106.0,115.0,109.0
gWA_sBM_cAll_d26_mWA4_ch03,gWA,sBM,cAll,d26,mWA4,ch03,120,[139. 111.],[134. 111.],125.0,122.5,123.75,111.0,111.0,111.0,125.0,122.5,122.5
gBR_sBM_cAll_d06_mBR2_ch06,gBR,sBM,cAll,d06,mBR2,ch06,100,[70. 96.],[86. 76.],83.0,81.0,82.0,70.0,76.0,70.0,83.0,81.0,81.0
gPO_sBM_cAll_d10_mPO3_ch01,gPO,sBM,cAll,d10,mPO3,ch01,110,[117. 140.],[110. 112.],128.5,111.0,119.75,117.0,110.0,110.0,128.5,111.0,114.5
gPO_sBM_cAll_d10_mPO2_ch08,gPO,sBM,cAll,d10,mPO2,ch08,100,[99. 95.],[111. 123.],97.0,117.0,107.0,95.0,111.0,95.0,97.0,117.0,105.0
gMH_sBM_cAll_d24_mMH2_ch08,gMH,sBM,cAll,d24,mMH2,ch08,100,[135. 107.],[135. 130.],121.0,132.5,126.75,107.0,130.0,135.0,121.0,132.5,132.5
gLH_sBM_cAll_d17_mLH4_ch03,gLH,sBM,cAll,d17,mLH4,ch03,120,[124. 121.],[121.  70.],122.5,95.5,109.0,121.0,70.0,121.0,122.5,95.5,121.0
gBR_sBM_cAll_d05_mBR0_ch06,gBR,sBM,cAll,d05,mBR0,ch06,80,[104.  93.],[112.  79.],98.5,95.5,97.0,93.0,79.0,79.0,98.5,95.5,98.5
gMH_sBM_cAll_d22_mMH2_ch04,gMH,sBM,cAll,d22,mMH2,ch04,100,[101. 100.],[86. 94.],100.5,90.0,95.25,100.0,86.0,86.0,100.5,90.0,97.0
gLH_sBM_cAll_d16_mLH1_ch01,gLH,sBM,cAll,d16,mLH1,ch01,90,[98. 90.],[95. 90.],94.0,92.5,93.25,90.0,90.0,90.0,94.0,92.5,92.5
gWA_sBM_cAll_d27_mWA4_ch07,gWA,sBM,cAll,d27,mWA4,ch07,120,[129. 144.],[144. 134.],136.5,139.0,137.75,129.0,134.0,144.0,136.5,139.0,139.0
gWA_sFM_cAll_d25_mWA5_ch06,gWA,sFM,cAll,d25,mWA5,ch06,130,[143. 103.  94. 121.  81.],[ 70. 144.  77. 128.  75.],108.4,98.8,103.6,81.0,70.0,70.0,103.0,77.0,98.5
gPO_sBM_cAll_d12_mPO5_ch01,gPO,sBM,cAll,d12,mPO5,ch01,130,[131. 140.],[128. 135.],135.5,131.5,133.5,131.0,128.0,128.0,135.5,131.5,133.0
gLH_sBM_cAll_d16_mLH1_ch05,gLH,sBM,cAll,d16,mLH1,ch05,90,[103. 137.],[91. 91.],120.0,91.0,105.5,103.0,91.0,91.0,120.0,91.0,97.0
gJB_sBM_cAll_d09_mJB5_ch03,gJB,sBM,cAll,d09,mJB5,ch03,130,[ 77. 109.],[142. 120.],93.0,131.0,112.0,77.0,120.0,77.0,93.0,131.0,114.5
gMH_sBM_cAll_d22_mMH2_ch03,gMH,sBM,cAll,d22,mMH2,ch03,100,[113. 103.],[ 98. 102.],108.0,100.0,104.0,103.0,98.0,98.0,108.0,100.0,102.5
gLH_sBM_cAll_d17_mLH0_ch06,gLH,sBM,cAll,d17,mLH0,ch06,80,[89. 72.],[112.  84.],80.5,98.0,89.25,72.0,84.0,72.0,80.5,98.0,86.5
gMH_sBM_cAll_d22_mMH1_ch03,gMH,sBM,cAll,d22,mMH1,ch03,90,[90. 94.],[89. 93.],92.0,91.0,91.5,90.0,89.0,89.0,92.0,91.0,91.5
gLH_sBM_cAll_d18_mLH2_ch01,gLH,sBM,cAll,d18,mLH2,ch01,100,[100. 100.],[105.  98.],100.0,101.5,100.75,100.0,98.0,100.0,100.0,101.5,100.0
gWA_sBM_cAll_d25_mWA1_ch01,gWA,sBM,cAll,d25,mWA1,ch01,90,[104.  96.],[88. 84.],100.0,86.0,93.0,96.0,84.0,84.0,100.0,86.0,92.0
gBR_sBM_cAll_d05_mBR1_ch01,gBR,sBM,cAll,d05,mBR1,ch01,90,[71. 91.],[94. 90.],81.0,92.0,86.5,71.0,90.0,71.0,81.0,92.0,90.5
gJB_sFM_cAll_d09_mJB3_ch18,gJB,sFM,cAll,d09,mJB3,ch18,110,[120. 127. 144. 101.  71.],[ 94. 144. 143. 131. 109.],112.6,124.2,118.4,71.0,94.0,144.0,120.0,131.0,123.5
gLH_sBM_cAll_d17_mLH5_ch04,gLH,sBM,cAll,d17,mLH5,ch04,130,[133. 127.],[126.  71.],130.0,98.5,114.25,127.0,71.0,71.0,130.0,98.5,126.5
gPO_sBM_cAll_d12_mPO4_ch01,gPO,sBM,cAll,d12,mPO4,ch01,120,[118. 132.],[117. 122.],125.0,119.5,122.25,118.0,117.0,117.0,125.0,119.5,120.0
gLO_sBM_cAll_d13_mLO0_ch05,gLO,sBM,cAll,d13,mLO0,ch05,80,[83. 80.],[86. 80.],81.5,83.0,82.25,80.0,80.0,80.0,81.5,83.0,81.5
gKR_sFM_cAll_d29_mKR1_ch09,gKR,sFM,cAll,d29,mKR1,ch09,90,[116.  99.  91.  94. 123. 104. 101.],[ 92. 109.  77.  86. 107. 107. 104.],104.0,97.43,100.71428571428571,91.0,107.0,104.0,101.0,104.0,102.5
gHO_sBM_cAll_d20_mHO5_ch10,gHO,sBM,cAll,d20,mHO5,ch10,135,[70. 70.],[109. 136.],70.0,122.5,96.25,70.0,109.0,70.0,70.0,122.5,89.5
gJB_sBM_cAll_d09_mJB4_ch10,gJB,sBM,cAll,d09,mJB4,ch10,120,[132. 100.],[143. 132.],116.0,137.5,126.75,100.0,132.0,132.0,116.0,137.5,132.0
gHO_sBM_cAll_d20_mHO4_ch07,gHO,sBM,cAll,d20,mHO4,ch07,130,[129. 128.],[128. 122.],128.5,125.0,126.75,128.0,122.0,128.0,128.5,125.0,128.0
gPO_sFM_cAll_d12_mPO0_ch15,gPO,sFM,cAll,d12,mPO0,ch15,80,[ 97.  98.  78.  99.  89. 115.  84.],[ 85.  95.  82.  80.  90.  95. 112.],94.29,91.29,92.78571428571429,78.0,95.0,95.0,97.0,90.0,92.5
gHO_sBM_cAll_d19_mHO1_ch08,gHO,sBM,cAll,d19,mHO1,ch08,115,[121. 110.],[120. 117.],115.5,118.5,117.0,110.0,117.0,110.0,115.5,118.5,118.5
gLH_sBM_cAll_d16_mLH2_ch05,gLH,sBM,cAll,d16,mLH2,ch05,100,[112. 142.],[104.  97.],127.0,100.5,113.75,112.0,97.0,97.0,127.0,100.5,108.0
gLO_sBM_cAll_d14_mLO4_ch08,gLO,sBM,cAll,d14,mLO4,ch08,120,[120. 109.],[85. 88.],114.5,86.5,100.5,109.0,85.0,85.0,114.5,86.5,98.5
gMH_sBM_cAll_d22_mMH1_ch10,gMH,sBM,cAll,d22,mMH1,ch10,90,[91. 92.],[88. 90.],91.5,89.0,90.25,91.0,88.0,88.0,91.5,89.0,90.5
gJS_sBM_cAll_d01_mJS3_ch06,gJS,sBM,cAll,d01,mJS3,ch06,110,[ 70. 132.],[144.  73.],101.0,108.5,104.75,70.0,73.0,70.0,101.0,108.5,102.5
gJS_sBM_cAll_d03_mJS2_ch04,gJS,sBM,cAll,d03,mJS2,ch04,100,[ 92. 131.],[ 86. 144.],111.5,115.0,113.25,92.0,86.0,86.0,111.5,115.0,111.5
gLO_sBM_cAll_d13_mLO2_ch02,gLO,sBM,cAll,d13,mLO2,ch02,100,[144. 138.],[110.  98.],141.0,104.0,122.5,138.0,98.0,98.0,141.0,104.0,124.0
gHO_sBM_cAll_d19_mHO1_ch09,gHO,sBM,cAll,d19,mHO1,ch09,115,[113. 120.],[109. 117.],116.5,113.0,114.75,113.0,109.0,109.0,116.5,113.0,115.0
gBR_sFM_cAll_d06_mBR5_ch19,gBR,sFM,cAll,d06,mBR5,ch19,130,[ 95.  94. 113.  93. 137.],[ 91.  86. 144.  99. 137.],106.4,111.4,108.9,93.0,86.0,137.0,95.0,99.0,97.0
gPO_sBM_cAll_d10_mPO3_ch08,gPO,sBM,cAll,d10,mPO3,ch08,110,[112.  88.],[111. 119.],100.0,115.0,107.5,88.0,111.0,88.0,100.0,115.0,111.5
gJS_sFM_cAll_d01_mJS2_ch03,gJS,sFM,cAll,d01,mJS2,ch03,100,[144.  70. 131.  72.  76.  97.],[144.  86. 127.  75. 102. 103.],98.33,106.17,102.25,70.0,75.0,144.0,86.5,102.5,99.5
gPO_sBM_cAll_d11_mPO0_ch08,gPO,sBM,cAll,d11,mPO0,ch08,80,[101. 101.],[87. 77.],101.0,82.0,91.5,101.0,77.0,101.0,101.0,82.0,94.0
gWA_sBM_cAll_d27_mWA2_ch03,gWA,sBM,cAll,d27,mWA2,ch03,100,[89. 98.],[ 96. 135.],93.5,115.5,104.5,89.0,96.0,89.0,93.5,115.5,97.0
gJB_sBM_cAll_d09_mJB5_ch04,gJB,sBM,cAll,d09,mJB5,ch04,130,[91. 70.],[144. 144.],80.5,144.0,112.25,70.0,144.0,144.0,80.5,144.0,117.5
gJB_sBM_cAll_d08_mJB0_ch07,gJB,sBM,cAll,d08,mJB0,ch07,80,[102.  97.],[84. 84.],99.5,84.0,91.75,97.0,84.0,84.0,99.5,84.0,90.5
gBR_sBM_cAll_d05_mBR5_ch05,gBR,sBM,cAll,d05,mBR5,ch05,130,[112. 138.],[140. 129.],125.0,134.5,129.75,112.0,129.0,112.0,125.0,134.5,133.5
gJS_sBM_cAll_d01_mJS0_ch09,gJS,sBM,cAll,d01,mJS0,ch09,80,[127.  94.],[70. 90.],110.5,80.0,95.25,94.0,70.0,70.0,110.5,80.0,92.0
gLO_sBM_cAll_d13_mLO0_ch10,gLO,sBM,cAll,d13,mLO0,ch10,80,[ 70. 119.],[119. 119.],94.5,119.0,106.75,70.0,119.0,119.0,94.5,119.0,119.0
gJS_sBM_cAll_d03_mJS5_ch04,gJS,sBM,cAll,d03,mJS5,ch04,130,[144. 117.],[144.  73.],130.5,108.5,119.5,117.0,73.0,144.0,130.5,108.5,130.5
gJS_sBM_cAll_d01_mJS1_ch01,gJS,sBM,cAll,d01,mJS1,ch01,90,[84. 89.],[112. 132.],86.5,122.0,104.25,84.0,112.0,84.0,86.5,122.0,100.5
gKR_sBM_cAll_d29_mKR5_ch06,gKR,sBM,cAll,d29,mKR5,ch06,130,[105. 125.],[100.  70.],115.0,85.0,100.0,105.0,70.0,70.0,115.0,85.0,102.5
gHO_sBM_cAll_d20_mHO0_ch05,gHO,sBM,cAll,d20,mHO0,ch05,110,[112. 108.],[113. 112.],110.0,112.5,111.25,108.0,112.0,112.0,110.0,112.5,112.0
gKR_sBM_cAll_d28_mKR2_ch06,gKR,sBM,cAll,d28,mKR2,ch06,100,[138.  99.],[132. 120.],118.5,126.0,122.25,99.0,120.0,99.0,118.5,126.0,126.0
gWA_sBM_cAll_d25_mWA3_ch06,gWA,sBM,cAll,d25,mWA3,ch06,110,[144.  95.],[104.  86.],119.5,95.0,107.25,95.0,86.0,86.0,119.5,95.0,99.5
gLO_sBM_cAll_d15_mLO3_ch08,gLO,sBM,cAll,d15,mLO3,ch08,110,[107.  83.],[107. 108.],95.0,107.5,101.25,83.0,107.0,107.0,95.0,107.5,107.0
gPO_sFM_cAll_d12_mPO4_ch19,gPO,sFM,cAll,d12,mPO4,ch19,120,[ 84. 132.  80. 122.  93.],[111.  89. 118. 121.  74.],102.2,102.6,102.4,80.0,74.0,74.0,93.0,111.0,102.0
gPO_sBM_cAll_d10_mPO2_ch03,gPO,sBM,cAll,d10,mPO2,ch03,100,[86. 85.],[73. 79.],85.5,76.0,80.75,85.0,73.0,73.0,85.5,76.0,82.0
gLO_sBM_cAll_d13_mLO0_ch03,gLO,sBM,cAll,d13,mLO0,ch03,80,[142.  76.],[ 97. 144.],109.0,120.5,114.75,76.0,97.0,76.0,109.0,120.5,119.5
gWA_sBM_cAll_d27_mWA4_ch05,gWA,sBM,cAll,d27,mWA4,ch05,120,[ 77. 144.],[127.  81.],110.5,104.0,107.25,77.0,81.0,77.0,110.5,104.0,104.0
gKR_sBM_cAll_d28_mKR0_ch03,gKR,sBM,cAll,d28,mKR0,ch03,80,[129. 121.],[ 80. 121.],125.0,100.5,112.75,121.0,80.0,121.0,125.0,100.5,121.0
gLH_sBM_cAll_d16_mLH1_ch08,gLH,sBM,cAll,d16,mLH1,ch08,90,[125.  92.],[124.  70.],108.5,97.0,102.75,92.0,70.0,70.0,108.5,97.0,108.0
gJB_sBM_cAll_d09_mJB3_ch07,gJB,sBM,cAll,d09,mJB3,ch07,110,[99. 88.],[102.  89.],93.5,95.5,94.5,88.0,89.0,88.0,93.5,95.5,94.0
gMH_sBM_cAll_d22_mMH3_ch03,gMH,sBM,cAll,d22,mMH3,ch03,110,[ 74. 117.],[111. 111.],95.5,111.0,103.25,74.0,111.0,111.0,95.5,111.0,111.0
gJB_sBM_cAll_d07_mJB0_ch05,gJB,sBM,cAll,d07,mJB0,ch05,80,[ 70. 140.],[70. 82.],105.0,76.0,90.5,70.0,70.0,70.0,105.0,76.0,76.0
gPO_sBM_cAll_d12_mPO2_ch09,gPO,sBM,cAll,d12,mPO2,ch09,100,[ 98. 125.],[111. 144.],111.5,127.5,119.5,98.0,111.0,98.0,111.5,127.5,118.0
gPO_sBM_cAll_d11_mPO0_ch06,gPO,sBM,cAll,d11,mPO0,ch06,80,[93. 70.],[86. 77.],81.5,81.5,81.5,70.0,77.0,70.0,81.5,81.5,81.5
gJS_sBM_cAll_d01_mJS1_ch07,gJS,sBM,cAll,d01,mJS1,ch07,90,[ 80. 101.],[ 70. 144.],90.5,107.0,98.75,80.0,70.0,70.0,90.5,107.0,90.5
gLH_sBM_cAll_d16_mLH2_ch04,gLH,sBM,cAll,d16,mLH2,ch04,100,[ 97. 100.],[ 95. 142.],98.5,118.5,108.5,97.0,95.0,95.0,98.5,118.5,98.5
gLO_sBM_cAll_d15_mLO2_ch05,gLO,sBM,cAll,d15,mLO2,ch05,100,[101.  77.],[136.  97.],89.0,116.5,102.75,77.0,97.0,77.0,89.0,116.5,99.0
gPO_sBM_cAll_d12_mPO4_ch07,gPO,sBM,cAll,d12,mPO4,ch07,120,[113.  89.],[132. 121.],101.0,126.5,113.75,89.0,121.0,89.0,101.0,126.5,117.0
gMH_sBM_cAll_d23_mMH4_ch02,gMH,sBM,cAll,d23,mMH4,ch02,120,[ 70. 121.],[117. 120.],95.5,118.5,107.0,70.0,117.0,70.0,95.5,118.5,118.5
gLO_sBM_cAll_d13_mLO2_ch09,gLO,sBM,cAll,d13,mLO2,ch09,100,[76. 71.],[144. 113.],73.5,128.5,101.0,71.0,113.0,71.0,73.5,128.5,94.5
gLO_sBM_cAll_d15_mLO2_ch01,gLO,sBM,cAll,d15,mLO2,ch01,100,[102. 108.],[130. 129.],105.0,129.5,117.25,102.0,129.0,102.0,105.0,129.5,118.5
gLH_sBM_cAll_d16_mLH0_ch02,gLH,sBM,cAll,d16,mLH0,ch02,80,[115. 111.],[125. 121.],113.0,123.0,118.0,111.0,121.0,111.0,113.0,123.0,118.0
gWA_sBM_cAll_d27_mWA3_ch08,gWA,sBM,cAll,d27,mWA3,ch08,110,[140. 133.],[ 93. 144.],136.5,118.5,127.5,133.0,93.0,93.0,136.5,118.5,136.5
gMH_sBM_cAll_d24_mMH3_ch05,gMH,sBM,cAll,d24,mMH3,ch05,110,[105. 115.],[ 73. 108.],110.0,90.5,100.25,105.0,73.0,73.0,110.0,90.5,106.5
gLH_sBM_cAll_d17_mLH5_ch06,gLH,sBM,cAll,d17,mLH5,ch06,130,[97. 70.],[119. 118.],83.5,118.5,101.0,70.0,118.0,70.0,83.5,118.5,107.5
gWA_sBM_cAll_d25_mWA2_ch02,gWA,sBM,cAll,d25,mWA2,ch02,100,[106. 121.],[143. 144.],113.5,143.5,128.5,106.0,143.0,106.0,113.5,143.5,132.0
gLH_sBM_cAll_d18_mLH3_ch05,gLH,sBM,cAll,d18,mLH3,ch05,110,[112. 107.],[110. 111.],109.5,110.5,110.0,107.0,110.0,107.0,109.5,110.5,110.5
gLO_sFM_cAll_d14_mLO1_ch09,gLO,sFM,cAll,d14,mLO1,ch09,90,[126.  91.  90.  93. 133. 100. 140.],[131. 137. 115. 137.  79. 144. 104.],110.43,121.0,115.71428571428571,90.0,137.0,137.0,100.0,131.0,120.5
gPO_sBM_cAll_d11_mPO5_ch01,gPO,sBM,cAll,d11,mPO5,ch01,130,[126. 125.],[126. 125.],125.5,125.5,125.5,125.0,125.0,125.0,125.5,125.5,125.5
gHO_sBM_cAll_d19_mHO1_ch05,gHO,sBM,cAll,d19,mHO1,ch05,115,[ 71. 122.],[116. 117.],96.5,116.5,106.5,71.0,116.0,71.0,96.5,116.5,116.5
gWA_sBM_cAll_d25_mWA3_ch05,gWA,sBM,cAll,d25,mWA3,ch05,110,[117. 107.],[135. 100.],112.0,117.5,114.75,107.0,100.0,100.0,112.0,117.5,112.0
gHO_sBM_cAll_d20_mHO5_ch02,gHO,sBM,cAll,d20,mHO5,ch02,135,[129. 134.],[132. 132.],131.5,132.0,131.75,129.0,132.0,132.0,131.5,132.0,132.0
gLO_sBM_cAll_d14_mLO5_ch09,gLO,sBM,cAll,d14,mLO5,ch09,130,[115. 144.],[144. 114.],129.5,129.0,129.25,115.0,114.0,144.0,129.5,129.0,129.5
gKR_sBM_cAll_d29_mKR1_ch10,gKR,sBM,cAll,d29,mKR1,ch10,90,[ 74. 100.],[123.  90.],87.0,106.5,96.75,74.0,90.0,74.0,87.0,106.5,95.0
gWA_sBM_cAll_d25_mWA0_ch04,gWA,sBM,cAll,d25,mWA0,ch04,80,[144.  74.],[112. 105.],109.0,108.5,108.75,74.0,105.0,74.0,109.0,108.5,108.5
gJB_sBM_cAll_d07_mJB3_ch02,gJB,sBM,cAll,d07,mJB3,ch02,110,[144.  86.],[117.  84.],115.0,100.5,107.75,86.0,84.0,84.0,115.0,100.5,101.5
gLH_sBM_cAll_d16_mLH3_ch10,gLH,sBM,cAll,d16,mLH3,ch10,110,[118. 109.],[133. 109.],113.5,121.0,117.25,109.0,109.0,109.0,113.5,121.0,113.5
gWA_sBM_cAll_d26_mWA5_ch05,gWA,sBM,cAll,d26,mWA5,ch05,130,[99. 70.],[ 70. 123.],84.5,96.5,90.5,70.0,70.0,70.0,84.5,96.5,84.5
gHO_sBM_cAll_d20_mHO5_ch04,gHO,sBM,cAll,d20,mHO5,ch04,135,[ 72. 120.],[131. 134.],96.0,132.5,114.25,72.0,131.0,72.0,96.0,132.5,125.5
gLH_sBM_cAll_d16_mLH3_ch09,gLH,sBM,cAll,d16,mLH3,ch09,110,[121. 110.],[110.  93.],115.5,101.5,108.5,110.0,93.0,110.0,115.5,101.5,110.0
gHO_sBM_cAll_d21_mHO3_ch06,gHO,sBM,cAll,d21,mHO3,ch06,125,[ 81. 127.],[119. 127.],104.0,123.0,113.5,81.0,119.0,127.0,104.0,123.0,123.0
gJS_sBM_cAll_d01_mJS0_ch02,gJS,sBM,cAll,d01,mJS0,ch02,80,[102. 118.],[ 76. 141.],110.0,108.5,109.25,102.0,76.0,76.0,110.0,108.5,110.0
gHO_sBM_cAll_d19_mHO3_ch01,gHO,sBM,cAll,d19,mHO3,ch01,125,[96. 96.],[126. 125.],96.0,125.5,110.75,96.0,125.0,96.0,96.0,125.5,110.5
gWA_sBM_cAll_d27_mWA4_ch02,gWA,sBM,cAll,d27,mWA4,ch02,120,[137. 105.],[123. 144.],121.0,133.5,127.25,105.0,123.0,105.0,121.0,133.5,130.0
gLO_sBM_cAll_d14_mLO1_ch04,gLO,sBM,cAll,d14,mLO1,ch04,90,[131. 144.],[ 96. 121.],137.5,108.5,123.0,131.0,96.0,96.0,137.5,108.5,126.0
gLH_sBM_cAll_d16_mLH1_ch06,gLH,sBM,cAll,d16,mLH1,ch06,90,[ 98. 110.],[92. 90.],104.0,91.0,97.5,98.0,90.0,90.0,104.0,91.0,95.0
gPO_sBM_cAll_d11_mPO1_ch04,gPO,sBM,cAll,d11,mPO1,ch04,90,[110.  95.],[ 81. 135.],102.5,108.0,105.25,95.0,81.0,81.0,102.5,108.0,102.5
gPO_sFM_cAll_d12_mPO2_ch17,gPO,sFM,cAll,d12,mPO2,ch17,100,[144. 133. 127.  90.  88.  77.],[100.  97. 128. 115. 100. 129.],109.83,111.5,110.66666666666667,77.0,100.0,100.0,108.5,107.5,107.5
gKR_sBM_cAll_d28_mKR0_ch05,gKR,sBM,cAll,d28,mKR0,ch05,80,[ 80. 100.],[106. 100.],90.0,103.0,96.5,80.0,100.0,100.0,90.0,103.0,100.0
gLH_sBM_cAll_d16_mLH3_ch01,gLH,sBM,cAll,d16,mLH3,ch01,110,[111. 113.],[112. 109.],112.0,110.5,111.25,111.0,109.0,109.0,112.0,110.5,111.5
gJS_sBM_cAll_d02_mJS0_ch06,gJS,sBM,cAll,d02,mJS0,ch06,80,[ 98. 144.],[128. 131.],121.0,129.5,125.25,98.0,128.0,98.0,121.0,129.5,129.5
gBR_sBM_cAll_d06_mBR3_ch03,gBR,sBM,cAll,d06,mBR3,ch03,110,[114. 106.],[109. 109.],110.0,109.0,109.5,106.0,109.0,109.0,110.0,109.0,109.0
gJS_sBM_cAll_d01_mJS0_ch08,gJS,sBM,cAll,d01,mJS0,ch08,80,[112. 108.],[114.  76.],110.0,95.0,102.5,108.0,76.0,76.0,110.0,95.0,110.0
gWA_sBM_cAll_d25_mWA0_ch06,gWA,sBM,cAll,d25,mWA0,ch06,80,[86. 82.],[107. 128.],84.0,117.5,100.75,82.0,107.0,82.0,84.0,117.5,96.5
gLO_sBM_cAll_d15_mLO5_ch04,gLO,sBM,cAll,d15,mLO5,ch04,130,[125. 126.],[78. 97.],125.5,87.5,106.5,125.0,78.0,78.0,125.5,87.5,111.0
gMH_sBM_cAll_d23_mMH0_ch09,gMH,sBM,cAll,d23,mMH0,ch09,80,[106.  78.],[81. 80.],92.0,80.5,86.25,78.0,80.0,78.0,92.0,80.5,80.5
gLO_sBM_cAll_d14_mLO1_ch01,gLO,sBM,cAll,d14,mLO1,ch01,90,[111. 136.],[ 83. 136.],123.5,109.5,116.5,111.0,83.0,136.0,123.5,109.5,123.5
gMH_sBM_cAll_d23_mMH5_ch03,gMH,sBM,cAll,d23,mMH5,ch03,130,[122. 118.],[118. 114.],120.0,116.0,118.0,118.0,114.0,118.0,120.0,116.0,118.0
gMH_sBM_cAll_d24_mMH2_ch01,gMH,sBM,cAll,d24,mMH2,ch01,100,[104. 105.],[100.  97.],104.5,98.5,101.5,104.0,97.0,97.0,104.5,98.5,102.0
gJS_sBM_cAll_d03_mJS3_ch06,gJS,sBM,cAll,d03,mJS3,ch06,110,[100. 102.],[ 99. 114.],101.0,106.5,103.75,100.0,99.0,99.0,101.0,106.5,101.0
gJB_sBM_cAll_d09_mJB2_ch10,gJB,sBM,cAll,d09,mJB2,ch10,100,[ 83. 122.],[ 97. 123.],102.5,110.0,106.25,83.0,97.0,83.0,102.5,110.0,109.5
gLO_sBM_cAll_d13_mLO3_ch02,gLO,sBM,cAll,d13,mLO3,ch02,110,[70. 80.],[ 98. 133.],75.0,115.5,95.25,70.0,98.0,70.0,75.0,115.5,89.0
gLH_sBM_cAll_d17_mLH5_ch05,gLH,sBM,cAll,d17,mLH5,ch05,130,[123. 119.],[93. 93.],121.0,93.0,107.0,119.0,93.0,93.0,121.0,93.0,106.0
gWA_sBM_cAll_d27_mWA5_ch08,gWA,sBM,cAll,d27,mWA5,ch08,130,[144. 106.],[124. 141.],125.0,132.5,128.75,106.0,124.0,106.0,125.0,132.5,132.5
gLH_sBM_cAll_d16_mLH2_ch07,gLH,sBM,cAll,d16,mLH2,ch07,100,[120. 125.],[144. 103.],122.5,123.5,123.0,120.0,103.0,103.0,122.5,123.5,122.5
gJB_sBM_cAll_d08_mJB4_ch08,gJB,sBM,cAll,d08,mJB4,ch08,120,[117. 119.],[122. 111.],118.0,116.5,117.25,117.0,111.0,111.0,118.0,116.5,118.0
gKR_sBM_cAll_d29_mKR1_ch07,gKR,sBM,cAll,d29,mKR1,ch07,90,[ 81. 111.],[ 81. 140.],96.0,110.5,103.25,81.0,81.0,81.0,96.0,110.5,96.0
gLO_sBM_cAll_d13_mLO3_ch10,gLO,sBM,cAll,d13,mLO3,ch10,110,[108. 104.],[ 84. 139.],106.0,111.5,108.75,104.0,84.0,84.0,106.0,111.5,106.0
gKR_sBM_cAll_d30_mKR2_ch03,gKR,sBM,cAll,d30,mKR2,ch03,100,[96. 77.],[144.  76.],86.5,110.0,98.25,77.0,76.0,76.0,86.5,110.0,86.5
gJB_sBM_cAll_d07_mJB3_ch10,gJB,sBM,cAll,d07,mJB3,ch10,110,[114.  80.],[144.  93.],97.0,118.5,107.75,80.0,93.0,80.0,97.0,118.5,103.5
gLO_sBM_cAll_d14_mLO5_ch07,gLO,sBM,cAll,d14,mLO5,ch07,130,[144. 144.],[132. 112.],144.0,122.0,133.0,144.0,112.0,144.0,144.0,122.0,138.0
gLO_sBM_cAll_d14_mLO5_ch05,gLO,sBM,cAll,d14,mLO5,ch05,130,[80. 70.],[94. 91.],75.0,92.5,83.75,70.0,91.0,70.0,75.0,92.5,85.5
gBR_sBM_cAll_d05_mBR1_ch03,gBR,sBM,cAll,d05,mBR1,ch03,90,[134.  91.],[93. 91.],112.5,92.0,102.25,91.0,91.0,91.0,112.5,92.0,92.0
gLH_sBM_cAll_d16_mLH0_ch06,gLH,sBM,cAll,d16,mLH0,ch06,80,[100.  88.],[144.  79.],94.0,111.5,102.75,88.0,79.0,79.0,94.0,111.5,94.0
gBR_sBM_cAll_d06_mBR4_ch07,gBR,sBM,cAll,d06,mBR4,ch07,120,[92. 91.],[91. 93.],91.5,92.0,91.75,91.0,91.0,91.0,91.5,92.0,91.5
gHO_sBM_cAll_d19_mHO2_ch02,gHO,sBM,cAll,d19,mHO2,ch02,120,[112. 122.],[114. 120.],117.0,117.0,117.0,112.0,114.0,112.0,117.0,117.0,117.0
gBR_sBM_cAll_d04_mBR1_ch05,gBR,sBM,cAll,d04,mBR1,ch05,90,[124. 138.],[94. 91.],131.0,92.5,111.75,124.0,91.0,91.0,131.0,92.5,109.0
gPO_sFM_cAll_d11_mPO3_ch11,gPO,sFM,cAll,d11,mPO3,ch11,110,[ 80.  86.  86. 106.  70.],[ 98. 118. 144. 112. 143.],85.6,123.0,104.3,86.0,98.0,86.0,86.0,118.0,102.0
gHO_sBM_cAll_d19_mHO0_ch10,gHO,sBM,cAll,d19,mHO0,ch10,110,[ 80. 136.],[105. 109.],108.0,107.0,107.5,80.0,105.0,80.0,108.0,107.0,107.0
gJB_sBM_cAll_d07_mJB1_ch07,gJB,sBM,cAll,d07,mJB1,ch07,90,[105. 103.],[111.  94.],104.0,102.5,103.25,103.0,94.0,94.0,104.0,102.5,104.0
gHO_sBM_cAll_d21_mHO2_ch04,gHO,sBM,cAll,d21,mHO2,ch04,120,[ 98. 113.],[115. 119.],105.5,117.0,111.25,98.0,115.0,98.0,105.5,117.0,114.0
gWA_sBM_cAll_d25_mWA3_ch07,gWA,sBM,cAll,d25,mWA3,ch07,110,[111. 113.],[70. 79.],112.0,74.5,93.25,111.0,70.0,70.0,112.0,74.5,95.0
gLH_sBM_cAll_d17_mLH0_ch10,gLH,sBM,cAll,d17,mLH0,ch10,80,[105. 105.],[135. 102.],105.0,118.5,111.75,105.0,102.0,105.0,105.0,118.5,105.0
gMH_sFM_cAll_d24_mMH3_ch18,gMH,sFM,cAll,d24,mMH3,ch18,110,[142. 105.  77. 110. 109.],[112. 111. 115. 110. 110.],108.6,111.6,110.1,77.0,110.0,110.0,109.0,111.0,110.0
gKR_sBM_cAll_d28_mKR2_ch10,gKR,sBM,cAll,d28,mKR2,ch10,100,[144. 144.],[ 74. 144.],144.0,109.0,126.5,144.0,74.0,144.0,144.0,109.0,144.0
gKR_sBM_cAll_d28_mKR1_ch06,gKR,sBM,cAll,d28,mKR1,ch06,90,[ 95. 113.],[94. 90.],104.0,92.0,98.0,95.0,90.0,90.0,104.0,92.0,94.5
gJS_sBM_cAll_d02_mJS5_ch06,gJS,sBM,cAll,d02,mJS5,ch06,130,[ 85. 123.],[120.  98.],104.0,109.0,106.5,85.0,98.0,85.0,104.0,109.0,109.0
gLH_sFM_cAll_d17_mLH5_ch13,gLH,sFM,cAll,d17,mLH5,ch13,130,[108.  79. 142.  95.  87.],[103. 139. 113. 140. 144.],102.2,127.8,115.0,79.0,103.0,79.0,95.0,139.0,110.5
gBR_sBM_cAll_d04_mBR3_ch09,gBR,sBM,cAll,d04,mBR3,ch09,110,[142. 127.],[113. 106.],134.5,109.5,122.0,127.0,106.0,106.0,134.5,109.5,120.0
gHO_sBM_cAll_d21_mHO4_ch04,gHO,sBM,cAll,d21,mHO4,ch04,130,[70. 72.],[128. 126.],71.0,127.0,99.0,70.0,126.0,70.0,71.0,127.0,99.0
gBR_sBM_cAll_d06_mBR3_ch09,gBR,sBM,cAll,d06,mBR3,ch09,110,[118. 113.],[105.  72.],115.5,88.5,102.0,113.0,72.0,72.0,115.5,88.5,109.0
gHO_sBM_cAll_d19_mHO3_ch06,gHO,sBM,cAll,d19,mHO3,ch06,125,[80. 72.],[125. 124.],76.0,124.5,100.25,72.0,124.0,72.0,76.0,124.5,102.0
gMH_sBM_cAll_d22_mMH1_ch09,gMH,sBM,cAll,d22,mMH1,ch09,90,[142.  91.],[87. 92.],116.5,89.5,103.0,91.0,87.0,87.0,116.5,89.5,91.5
gJB_sBM_cAll_d09_mJB2_ch02,gJB,sBM,cAll,d09,mJB2,ch02,100,[106. 104.],[112. 106.],105.0,109.0,107.0,104.0,106.0,106.0,105.0,109.0,106.0
gHO_sBM_cAll_d21_mHO2_ch09,gHO,sBM,cAll,d21,mHO2,ch09,120,[125. 120.],[118. 120.],122.5,119.0,120.75,120.0,118.0,120.0,122.5,119.0,120.0
gJS_sBM_cAll_d02_mJS0_ch02,gJS,sBM,cAll,d02,mJS0,ch02,80,[115. 144.],[ 92. 120.],129.5,106.0,117.75,115.0,92.0,92.0,129.5,106.0,117.5
gLO_sBM_cAll_d15_mLO3_ch01,gLO,sBM,cAll,d15,mLO3,ch01,110,[141. 114.],[ 86. 138.],127.5,112.0,119.75,114.0,86.0,86.0,127.5,112.0,126.0
gWA_sBM_cAll_d26_mWA0_ch09,gWA,sBM,cAll,d26,mWA0,ch09,80,[ 77. 124.],[88. 82.],100.5,85.0,92.75,77.0,82.0,77.0,100.5,85.0,85.0
gMH_sBM_cAll_d22_mMH0_ch09,gMH,sBM,cAll,d22,mMH0,ch09,80,[84. 80.],[79. 80.],82.0,79.5,80.75,80.0,79.0,80.0,82.0,79.5,80.0
gLH_sBM_cAll_d17_mLH4_ch01,gLH,sBM,cAll,d17,mLH4,ch01,120,[86. 92.],[ 71. 123.],89.0,97.0,93.0,86.0,71.0,71.0,89.0,97.0,89.0
gWA_sBM_cAll_d26_mWA1_ch04,gWA,sBM,cAll,d26,mWA1,ch04,90,[130. 111.],[88. 96.],120.5,92.0,106.25,111.0,88.0,88.0,120.5,92.0,103.5
gKR_sBM_cAll_d29_mKR4_ch08,gKR,sBM,cAll,d29,mKR4,ch08,120,[ 84. 120.],[123. 116.],102.0,119.5,110.75,84.0,116.0,84.0,102.0,119.5,118.0
gJB_sBM_cAll_d07_mJB1_ch06,gJB,sBM,cAll,d07,mJB1,ch06,90,[144. 123.],[78. 76.],133.5,77.0,105.25,123.0,76.0,76.0,133.5,77.0,100.5
gLO_sBM_cAll_d13_mLO2_ch08,gLO,sBM,cAll,d13,mLO2,ch08,100,[104. 100.],[101.  99.],102.0,100.0,101.0,100.0,99.0,99.0,102.0,100.0,100.5
gBR_sBM_cAll_d04_mBR1_ch09,gBR,sBM,cAll,d04,mBR1,ch09,90,[ 70. 112.],[96. 89.],91.0,92.5,91.75,70.0,89.0,70.0,91.0,92.5,92.5
gJB_sBM_cAll_d09_mJB3_ch09,gJB,sBM,cAll,d09,mJB3,ch09,110,[113.  88.],[135. 132.],100.5,133.5,117.0,88.0,132.0,88.0,100.5,133.5,122.5
gJS_sBM_cAll_d02_mJS0_ch01,gJS,sBM,cAll,d02,mJS0,ch01,80,[136. 131.],[117.  70.],133.5,93.5,113.5,131.0,70.0,70.0,133.5,93.5,124.0
gMH_sBM_cAll_d24_mMH2_ch05,gMH,sBM,cAll,d24,mMH2,ch05,100,[ 99. 102.],[144.  97.],100.5,120.5,110.5,99.0,97.0,97.0,100.5,120.5,100.5
gLH_sBM_cAll_d17_mLH1_ch06,gLH,sBM,cAll,d17,mLH1,ch06,90,[100.  81.],[144.  91.],90.5,117.5,104.0,81.0,91.0,81.0,90.5,117.5,95.5
gJS_sBM_cAll_d03_mJS2_ch01,gJS,sBM,cAll,d03,mJS2,ch01,100,[105.  79.],[123. 107.],92.0,115.0,103.5,79.0,107.0,79.0,92.0,115.0,106.0
gWA_sBM_cAll_d26_mWA1_ch03,gWA,sBM,cAll,d26,mWA1,ch03,90,[92. 75.],[105. 106.],83.5,105.5,94.5,75.0,105.0,75.0,83.5,105.5,98.5
gBR_sBM_cAll_d06_mBR2_ch07,gBR,sBM,cAll,d06,mBR2,ch07,100,[74. 75.],[99. 76.],74.5,87.5,81.0,74.0,76.0,74.0,74.5,87.5,75.5
gMH_sBM_cAll_d22_mMH2_ch07,gMH,sBM,cAll,d22,mMH2,ch07,100,[84. 76.],[104. 144.],80.0,124.0,102.0,76.0,104.0,76.0,80.0,124.0,94.0
gLO_sFM_cAll_d14_mLO3_ch11,gLO,sFM,cAll,d14,mLO3,ch11,110,[144. 121. 100.  87. 116.],[137. 121.  84.  76.  97.],113.6,103.0,108.3,87.0,76.0,121.0,116.0,97.0,108.0
gPO_sBM_cAll_d10_mPO3_ch04,gPO,sBM,cAll,d10,mPO3,ch04,110,[112. 140.],[84. 84.],126.0,84.0,105.0,112.0,84.0,84.0,126.0,84.0,98.0
gMH_sBM_cAll_d24_mMH2_ch03,gMH,sBM,cAll,d24,mMH2,ch03,100,[101.  99.],[97. 98.],100.0,97.5,98.75,99.0,97.0,97.0,100.0,97.5,98.5
gMH_sBM_cAll_d23_mMH4_ch08,gMH,sBM,cAll,d23,mMH4,ch08,120,[121. 121.],[120. 118.],121.0,119.0,120.0,121.0,118.0,121.0,121.0,119.0,120.5
gMH_sBM_cAll_d24_mMH4_ch03,gMH,sBM,cAll,d24,mMH4,ch03,120,[123. 122.],[118. 123.],122.5,120.5,121.5,122.0,118.0,123.0,122.5,120.5,122.5
gPO_sBM_cAll_d12_mPO4_ch09,gPO,sBM,cAll,d12,mPO4,ch09,120,[ 81. 140.],[ 72. 112.],110.5,92.0,101.25,81.0,72.0,72.0,110.5,92.0,96.5
gLO_sFM_cAll_d13_mLO0_ch01,gLO,sFM,cAll,d13,mLO0,ch01,80,[ 76.  77. 119.  94. 107. 128.  90.],[ 81.  77.  79.  82. 121.  92. 131.],98.71,94.71,96.71428571428571,76.0,77.0,77.0,94.0,82.0,91.0
gJB_sBM_cAll_d08_mJB5_ch05,gJB,sBM,cAll,d08,mJB5,ch05,130,[118. 123.],[129. 126.],120.5,127.5,124.0,118.0,126.0,118.0,120.5,127.5,124.5
gJB_sBM_cAll_d09_mJB4_ch09,gJB,sBM,cAll,d09,mJB4,ch09,120,[144.  92.],[82. 80.],118.0,81.0,99.5,92.0,80.0,80.0,118.0,81.0,87.0
gHO_sBM_cAll_d21_mHO3_ch05,gHO,sBM,cAll,d21,mHO3,ch05,125,[121. 137.],[119. 130.],129.0,124.5,126.75,121.0,119.0,119.0,129.0,124.5,125.5
gWA_sFM_cAll_d26_mWA3_ch14,gWA,sFM,cAll,d26,mWA3,ch14,110,[119. 107.  78.  97.  85.],[144.  90.  98. 131.  83.],97.2,109.2,103.2,78.0,83.0,78.0,97.0,98.0,97.5
gJS_sBM_cAll_d01_mJS3_ch05,gJS,sBM,cAll,d01,mJS3,ch05,110,[110. 105.],[87. 74.],107.5,80.5,94.0,105.0,74.0,74.0,107.5,80.5,96.0
gKR_sBM_cAll_d30_mKR2_ch08,gKR,sBM,cAll,d30,mKR2,ch08,100,[109. 124.],[ 96. 101.],116.5,98.5,107.5,109.0,96.0,96.0,116.5,98.5,105.0
gKR_sBM_cAll_d30_mKR5_ch03,gKR,sBM,cAll,d30,mKR5,ch03,130,[98. 96.],[109.  98.],97.0,103.5,100.25,96.0,98.0,98.0,97.0,103.5,98.0
gLH_sFM_cAll_d18_mLH0_ch21,gLH,sFM,cAll,d18,mLH0,ch21,80,[ 89. 106.  88. 104. 131.  82. 116.],[107.  77.  81.  97.  86.  86.  91.],102.29,89.29,95.78571428571429,82.0,86.0,86.0,104.0,86.0,90.0
gPO_sBM_cAll_d11_mPO5_ch09,gPO,sBM,cAll,d11,mPO5,ch09,130,[120. 116.],[122.  95.],118.0,108.5,113.25,116.0,95.0,95.0,118.0,108.5,118.0
gHO_sBM_cAll_d19_mHO1_ch06,gHO,sBM,cAll,d19,mHO1,ch06,115,[ 73. 115.],[110. 117.],94.0,113.5,103.75,73.0,110.0,73.0,94.0,113.5,112.5
gLH_sBM_cAll_d17_mLH1_ch04,gLH,sBM,cAll,d17,mLH1,ch04,90,[140.  72.],[138. 129.],106.0,133.5,119.75,72.0,129.0,72.0,106.0,133.5,133.5
gMH_sBM_cAll_d23_mMH5_ch05,gMH,sBM,cAll,d23,mMH5,ch05,130,[122. 126.],[128. 124.],124.0,126.0,125.0,122.0,124.0,122.0,124.0,126.0,125.0
gBR_sBM_cAll_d04_mBR0_ch01,gBR,sBM,cAll,d04,mBR0,ch01,80,[122. 122.],[71. 81.],122.0,76.0,99.0,122.0,71.0,122.0,122.0,76.0,101.5
gMH_sBM_cAll_d24_mMH3_ch03,gMH,sBM,cAll,d24,mMH3,ch03,110,[109. 109.],[113. 109.],109.0,111.0,110.0,109.0,109.0,109.0,109.0,111.0,109.0
gKR_sBM_cAll_d29_mKR5_ch04,gKR,sBM,cAll,d29,mKR5,ch04,130,[130.  92.],[128. 124.],111.0,126.0,118.5,92.0,124.0,92.0,111.0,126.0,126.0
gWA_sBM_cAll_d26_mWA0_ch04,gWA,sBM,cAll,d26,mWA0,ch04,80,[80. 77.],[112.  91.],78.5,101.5,90.0,77.0,91.0,77.0,78.5,101.5,85.5
gLH_sBM_cAll_d18_mLH4_ch02,gLH,sBM,cAll,d18,mLH4,ch02,120,[99. 87.],[122. 119.],93.0,120.5,106.75,87.0,119.0,87.0,93.0,120.5,109.0
gMH_sFM_cAll_d23_mMH0_ch14,gMH,sFM,cAll,d23,mMH0,ch14,80,[116.  83.  79.  86. 103.  90.  79.],[ 83. 144.  91.  91. 124. 144. 144.],90.86,117.29,104.07142857142857,79.0,144.0,144.0,86.0,124.0,91.0
gHO_sBM_cAll_d21_mHO3_ch04,gHO,sBM,cAll,d21,mHO3,ch04,125,[125. 126.],[120. 123.],125.5,121.5,123.5,125.0,120.0,120.0,125.5,121.5,124.0
gMH_sBM_cAll_d22_mMH0_ch04,gMH,sBM,cAll,d22,mMH0,ch04,80,[84. 81.],[71. 79.],82.5,75.0,78.75,81.0,71.0,71.0,82.5,75.0,80.0
gHO_sBM_cAll_d20_mHO0_ch08,gHO,sBM,cAll,d20,mHO0,ch08,110,[113.  85.],[111. 108.],99.0,109.5,104.25,85.0,108.0,85.0,99.0,109.5,109.5
gHO_sBM_cAll_d21_mHO5_ch09,gHO,sBM,cAll,d21,mHO5,ch09,135,[ 70. 134.],[133. 133.],102.0,133.0,117.5,70.0,133.0,133.0,102.0,133.0,133.0
gLH_sBM_cAll_d18_mLH5_ch04,gLH,sBM,cAll,d18,mLH5,ch04,130,[130.  96.],[138. 135.],113.0,136.5,124.75,96.0,135.0,96.0,113.0,136.5,132.5
gJB_sBM_cAll_d08_mJB1_ch07,gJB,sBM,cAll,d08,mJB1,ch07,90,[107.  92.],[139.  92.],99.5,115.5,107.5,92.0,92.0,92.0,99.5,115.5,99.5
gLH_sBM_cAll_d16_mLH3_ch04,gLH,sBM,cAll,d16,mLH3,ch04,110,[102. 108.],[ 71. 115.],105.0,93.0,99.0,102.0,71.0,71.0,105.0,93.0,105.0
gLO_sBM_cAll_d15_mLO3_ch05,gLO,sBM,cAll,d15,mLO3,ch05,110,[80. 86.],[108.  80.],83.0,94.0,88.5,80.0,80.0,80.0,83.0,94.0,83.0
gMH_sBM_cAll_d24_mMH2_ch10,gMH,sBM,cAll,d24,mMH2,ch10,100,[144. 144.],[102.  98.],144.0,100.0,122.0,144.0,98.0,144.0,144.0,100.0,123.0
gMH_sBM_cAll_d24_mMH3_ch08,gMH,sBM,cAll,d24,mMH3,ch08,110,[140.  70.],[111. 127.],105.0,119.0,112.0,70.0,111.0,70.0,105.0,119.0,119.0
gHO_sBM_cAll_d19_mHO3_ch10,gHO,sBM,cAll,d19,mHO3,ch10,125,[70. 70.],[ 88. 104.],70.0,96.0,83.0,70.0,88.0,70.0,70.0,96.0,79.0
gPO_sBM_cAll_d11_mPO5_ch04,gPO,sBM,cAll,d11,mPO5,ch04,130,[113.  85.],[ 96. 118.],99.0,107.0,103.0,85.0,96.0,85.0,99.0,107.0,104.5
gJB_sBM_cAll_d09_mJB4_ch01,gJB,sBM,cAll,d09,mJB4,ch01,120,[112. 101.],[123. 130.],106.5,126.5,116.5,101.0,123.0,101.0,106.5,126.5,117.5
gJB_sFM_cAll_d07_mJB1_ch02,gJB,sFM,cAll,d07,mJB1,ch02,90,[139.  70.  79.  99. 111. 105.  87.],[144. 136. 125.  77. 104.  74. 104.],98.57,109.14,103.85714285714286,70.0,104.0,104.0,99.0,104.0,104.0
gLO_sFM_cAll_d14_mLO4_ch12,gLO,sFM,cAll,d14,mLO4,ch12,120,[120.  95.  72. 129. 123.],[120. 126. 118. 106. 119.],107.8,117.8,112.8,72.0,106.0,120.0,120.0,119.0,119.5
gKR_sBM_cAll_d28_mKR1_ch09,gKR,sBM,cAll,d28,mKR1,ch09,90,[70. 93.],[93. 70.],81.5,81.5,81.5,70.0,70.0,70.0,81.5,81.5,81.5
gPO_sBM_cAll_d10_mPO1_ch06,gPO,sBM,cAll,d10,mPO1,ch06,90,[112. 121.],[144. 108.],116.5,126.0,121.25,112.0,108.0,108.0,116.5,126.0,116.5
gHO_sBM_cAll_d19_mHO3_ch05,gHO,sBM,cAll,d19,mHO3,ch05,125,[119. 127.],[126. 126.],123.0,126.0,124.5,119.0,126.0,126.0,123.0,126.0,126.0
gHO_sBM_cAll_d20_mHO0_ch07,gHO,sBM,cAll,d20,mHO0,ch07,110,[116. 112.],[114. 111.],114.0,112.5,113.25,112.0,111.0,111.0,114.0,112.5,113.0
gJS_sBM_cAll_d03_mJS3_ch08,gJS,sBM,cAll,d03,mJS3,ch08,110,[143. 133.],[109. 105.],138.0,107.0,122.5,133.0,105.0,105.0,138.0,107.0,121.0
gJB_sBM_cAll_d09_mJB4_ch07,gJB,sBM,cAll,d09,mJB4,ch07,120,[117. 136.],[96. 94.],126.5,95.0,110.75,117.0,94.0,94.0,126.5,95.0,106.5
gLH_sBM_cAll_d18_mLH5_ch08,gLH,sBM,cAll,d18,mLH5,ch08,130,[88. 77.],[134.  89.],82.5,111.5,97.0,77.0,89.0,77.0,82.5,111.5,88.5
gBR_sBM_cAll_d06_mBR4_ch05,gBR,sBM,cAll,d06,mBR4,ch05,120,[92. 95.],[121. 123.],93.5,122.0,107.75,92.0,121.0,92.0,93.5,122.0,108.0
gMH_sBM_cAll_d22_mMH3_ch08,gMH,sBM,cAll,d22,mMH3,ch08,110,[106. 111.],[105. 125.],108.5,115.0,111.75,106.0,105.0,105.0,108.5,115.0,108.5
gLO_sBM_cAll_d14_mLO5_ch04,gLO,sBM,cAll,d14,mLO5,ch04,130,[144. 132.],[140.  74.],138.0,107.0,122.5,132.0,74.0,74.0,138.0,107.0,136.0
gWA_sBM_cAll_d27_mWA3_ch04,gWA,sBM,cAll,d27,mWA3,ch04,110,[125. 113.],[110. 141.],119.0,125.5,122.25,113.0,110.0,110.0,119.0,125.5,119.0
gHO_sBM_cAll_d20_mHO0_ch02,gHO,sBM,cAll,d20,mHO0,ch02,110,[114. 108.],[108. 110.],111.0,109.0,110.0,108.0,108.0,108.0,111.0,109.0,109.0
gJB_sBM_cAll_d07_mJB1_ch03,gJB,sBM,cAll,d07,mJB1,ch03,90,[97. 80.],[86. 80.],88.5,83.0,85.75,80.0,80.0,80.0,88.5,83.0,83.0
gJB_sBM_cAll_d09_mJB5_ch02,gJB,sBM,cAll,d09,mJB5,ch02,130,[70. 79.],[140.  74.],74.5,107.0,90.75,70.0,74.0,70.0,74.5,107.0,76.5
gKR_sBM_cAll_d29_mKR4_ch05,gKR,sBM,cAll,d29,mKR4,ch05,120,[102. 127.],[119. 111.],114.5,115.0,114.75,102.0,111.0,102.0,114.5,115.0,115.0
gPO_sBM_cAll_d12_mPO4_ch04,gPO,sBM,cAll,d12,mPO4,ch04,120,[ 93. 113.],[122. 141.],103.0,131.5,117.25,93.0,122.0,93.0,103.0,131.5,117.5
gJS_sFM_cAll_d03_mJS3_ch04,gJS,sFM,cAll,d03,mJS3,ch04,110,[144. 132. 120. 129.  87.],[102. 103. 112. 121. 133.],122.4,114.2,118.3,87.0,102.0,87.0,129.0,112.0,120.5
gWA_sBM_cAll_d27_mWA4_ch09,gWA,sBM,cAll,d27,mWA4,ch09,120,[84. 86.],[144.  98.],85.0,121.0,103.0,84.0,98.0,84.0,85.0,121.0,92.0
gJS_sBM_cAll_d01_mJS1_ch05,gJS,sBM,cAll,d01,mJS1,ch05,90,[144. 117.],[111. 122.],130.5,116.5,123.5,117.0,111.0,111.0,130.5,116.5,119.5
gWA_sBM_cAll_d25_mWA0_ch09,gWA,sBM,cAll,d25,mWA0,ch09,80,[144. 116.],[ 73. 113.],130.0,93.0,111.5,116.0,73.0,73.0,130.0,93.0,114.5
gPO_sFM_cAll_d12_mPO5_ch20,gPO,sFM,cAll,d12,mPO5,ch20,130,[114.  81. 114. 132. 144.],[116. 113.  74.  79. 132.],117.0,102.8,109.9,114.0,74.0,114.0,114.0,113.0,114.0
gLO_sFM_cAll_d15_mLO2_ch17,gLO,sFM,cAll,d15,mLO2,ch17,100,[114. 141.  98.  70. 144.  89.],[144. 104. 109. 135.  91. 113.],109.33,116.0,112.66666666666667,70.0,91.0,144.0,106.0,111.0,111.0
gJB_sBM_cAll_d09_mJB4_ch02,gJB,sBM,cAll,d09,mJB4,ch02,120,[118. 134.],[123.  75.],126.0,99.0,112.5,118.0,75.0,75.0,126.0,99.0,120.5
gLO_sBM_cAll_d13_mLO1_ch08,gLO,sBM,cAll,d13,mLO1,ch08,90,[87. 90.],[91. 91.],88.5,91.0,89.75,87.0,91.0,91.0,88.5,91.0,90.5
gPO_sBM_cAll_d11_mPO1_ch02,gPO,sBM,cAll,d11,mPO1,ch02,90,[ 77. 122.],[92. 92.],99.5,92.0,95.75,77.0,92.0,92.0,99.5,92.0,92.0
gLO_sBM_cAll_d14_mLO4_ch06,gLO,sBM,cAll,d14,mLO4,ch06,120,[112.  73.],[144. 105.],92.5,124.5,108.5,73.0,105.0,73.0,92.5,124.5,108.5
gPO_sBM_cAll_d11_mPO1_ch09,gPO,sBM,cAll,d11,mPO1,ch09,90,[84. 82.],[117.  86.],83.0,101.5,92.25,82.0,86.0,82.0,83.0,101.5,85.0
gHO_sBM_cAll_d19_mHO3_ch02,gHO,sBM,cAll,d19,mHO3,ch02,125,[132. 126.],[135. 125.],129.0,130.0,129.5,126.0,125.0,125.0,129.0,130.0,129.0
gJB_sBM_cAll_d08_mJB1_ch08,gJB,sBM,cAll,d08,mJB1,ch08,90,[115. 133.],[99. 96.],124.0,97.5,110.75,115.0,96.0,96.0,124.0,97.5,107.0
gKR_sBM_cAll_d29_mKR4_ch06,gKR,sBM,cAll,d29,mKR4,ch06,120,[ 93. 140.],[96. 92.],116.5,94.0,105.25,93.0,92.0,92.0,116.5,94.0,94.5
gMH_sFM_cAll_d24_mMH2_ch21,gMH,sFM,cAll,d24,mMH2,ch21,100,[105. 115. 112.  96.  78.  72.],[144.  81.  93.  98. 116. 138.],96.33,111.67,104.0,72.0,81.0,72.0,100.5,107.0,101.5
gWA_sBM_cAll_d26_mWA5_ch06,gWA,sBM,cAll,d26,mWA5,ch06,130,[130.  96.],[ 81. 134.],113.0,107.5,110.25,96.0,81.0,81.0,113.0,107.5,113.0
gBR_sBM_cAll_d06_mBR3_ch01,gBR,sBM,cAll,d06,mBR3,ch01,110,[ 87. 101.],[112. 107.],94.0,109.5,101.75,87.0,107.0,87.0,94.0,109.5,104.0
gKR_sBM_cAll_d29_mKR0_ch01,gKR,sBM,cAll,d29,mKR0,ch01,80,[77. 99.],[102. 136.],88.0,119.0,103.5,77.0,102.0,77.0,88.0,119.0,100.5
gLH_sBM_cAll_d18_mLH2_ch05,gLH,sBM,cAll,d18,mLH2,ch05,100,[ 70. 102.],[ 95. 100.],86.0,97.5,91.75,70.0,95.0,70.0,86.0,97.5,97.5
gJB_sBM_cAll_d07_mJB0_ch08,gJB,sBM,cAll,d07,mJB0,ch08,80,[88. 94.],[83. 77.],91.0,80.0,85.5,88.0,77.0,77.0,91.0,80.0,85.5
gHO_sBM_cAll_d20_mHO0_ch10,gHO,sBM,cAll,d20,mHO0,ch10,110,[144.  88.],[109. 111.],116.0,110.0,113.0,88.0,109.0,88.0,116.0,110.0,110.0
gLH_sFM_cAll_d16_mLH3_ch07,gLH,sFM,cAll,d16,mLH3,ch07,110,[ 95. 112.  74. 126. 124.],[ 94.  95. 108.  94.  91.],106.2,96.4,101.3,74.0,94.0,94.0,112.0,94.0,95.0
gWA_sBM_cAll_d25_mWA1_ch10,gWA,sBM,cAll,d25,mWA1,ch10,90,[105.  92.],[137. 106.],98.5,121.5,110.0,92.0,106.0,92.0,98.5,121.5,105.5
gMH_sBM_cAll_d22_mMH0_ch07,gMH,sBM,cAll,d22,mMH0,ch07,80,[93. 79.],[144.  80.],86.0,112.0,99.0,79.0,80.0,79.0,86.0,112.0,86.5
gJB_sBM_cAll_d07_mJB3_ch06,gJB,sBM,cAll,d07,mJB3,ch06,110,[ 82. 144.],[ 99. 112.],113.0,105.5,109.25,82.0,99.0,82.0,113.0,105.5,105.5
gKR_sBM_cAll_d30_mKR2_ch05,gKR,sBM,cAll,d30,mKR2,ch05,100,[96. 94.],[112. 103.],95.0,107.5,101.25,94.0,103.0,94.0,95.0,107.5,99.5
gKR_sBM_cAll_d29_mKR1_ch03,gKR,sBM,cAll,d29,mKR1,ch03,90,[101.  98.],[132. 105.],99.5,118.5,109.0,98.0,105.0,98.0,99.5,118.5,103.0
gWA_sBM_cAll_d26_mWA1_ch06,gWA,sBM,cAll,d26,mWA1,ch06,90,[95. 73.],[ 75. 113.],84.0,94.0,89.0,73.0,75.0,73.0,84.0,94.0,85.0
gPO_sBM_cAll_d10_mPO0_ch03,gPO,sBM,cAll,d10,mPO0,ch03,80,[ 95. 101.],[83. 80.],98.0,81.5,89.75,95.0,80.0,80.0,98.0,81.5,89.0
gLH_sBM_cAll_d17_mLH4_ch08,gLH,sBM,cAll,d17,mLH4,ch08,120,[ 70. 120.],[117. 118.],95.0,117.5,106.25,70.0,117.0,70.0,95.0,117.5,117.5
gMH_sBM_cAll_d22_mMH3_ch07,gMH,sBM,cAll,d22,mMH3,ch07,110,[130. 115.],[114. 113.],122.5,113.5,118.0,115.0,113.0,113.0,122.5,113.5,114.5
gKR_sFM_cAll_d30_mKR1_ch16,gKR,sFM,cAll,d30,mKR1,ch16,90,[ 83. 144.  86.  89. 129. 142. 130.],[112. 125. 133.  88.  90. 144.  82.],114.71,110.57,112.64285714285714,83.0,82.0,144.0,129.0,112.0,118.5
gHO_sBM_cAll_d21_mHO3_ch03,gHO,sBM,cAll,d21,mHO3,ch03,125,[127.  89.],[89. 93.],108.0,91.0,99.5,89.0,89.0,89.0,108.0,91.0,91.0
gHO_sBM_cAll_d21_mHO3_ch08,gHO,sBM,cAll,d21,mHO3,ch08,125,[94. 95.],[126. 123.],94.5,124.5,109.5,94.0,123.0,94.0,94.5,124.5,109.0
gLH_sBM_cAll_d18_mLH5_ch05,gLH,sBM,cAll,d18,mLH5,ch05,130,[132. 128.],[134. 102.],130.0,118.0,124.0,128.0,102.0,102.0,130.0,118.0,130.0
gLO_sBM_cAll_d14_mLO1_ch03,gLO,sBM,cAll,d14,mLO1,ch03,90,[127.  87.],[134.  91.],107.0,112.5,109.75,87.0,91.0,87.0,107.0,112.5,109.0
gWA_sBM_cAll_d26_mWA1_ch05,gWA,sBM,cAll,d26,mWA1,ch05,90,[108. 135.],[144. 104.],121.5,124.0,122.75,108.0,104.0,104.0,121.5,124.0,121.5
gWA_sBM_cAll_d26_mWA4_ch04,gWA,sBM,cAll,d26,mWA4,ch04,120,[98. 97.],[98. 94.],97.5,96.0,96.75,97.0,94.0,98.0,97.5,96.0,97.5
gLH_sBM_cAll_d17_mLH0_ch03,gLH,sBM,cAll,d17,mLH0,ch03,80,[96. 86.],[97. 83.],91.0,90.0,90.5,86.0,83.0,83.0,91.0,90.0,91.0
gKR_sBM_cAll_d29_mKR0_ch06,gKR,sBM,cAll,d29,mKR0,ch06,80,[144.  91.],[144.  76.],117.5,110.0,113.75,91.0,76.0,144.0,117.5,110.0,117.5
gJS_sBM_cAll_d03_mJS3_ch05,gJS,sBM,cAll,d03,mJS3,ch05,110,[122. 112.],[127.  92.],117.0,109.5,113.25,112.0,92.0,92.0,117.0,109.5,117.0
gJS_sBM_cAll_d02_mJS0_ch04,gJS,sBM,cAll,d02,mJS0,ch04,80,[130. 104.],[144. 144.],117.0,144.0,130.5,104.0,144.0,144.0,117.0,144.0,137.0
gLO_sBM_cAll_d13_mLO3_ch03,gLO,sBM,cAll,d13,mLO3,ch03,110,[104. 109.],[92. 70.],106.5,81.0,93.75,104.0,70.0,70.0,106.5,81.0,98.0
gJB_sBM_cAll_d08_mJB1_ch03,gJB,sBM,cAll,d08,mJB1,ch03,90,[74. 76.],[139. 144.],75.0,141.5,108.25,74.0,139.0,74.0,75.0,141.5,107.5
gMH_sBM_cAll_d22_mMH2_ch01,gMH,sBM,cAll,d22,mMH2,ch01,100,[101. 102.],[101. 137.],101.5,119.0,110.25,101.0,101.0,101.0,101.5,119.0,101.5
gKR_sBM_cAll_d28_mKR3_ch05,gKR,sBM,cAll,d28,mKR3,ch05,110,[138. 139.],[142.  87.],138.5,114.5,126.5,138.0,87.0,87.0,138.5,114.5,138.5
gHO_sBM_cAll_d20_mHO4_ch04,gHO,sBM,cAll,d20,mHO4,ch04,130,[70. 74.],[129. 128.],72.0,128.5,100.25,70.0,128.0,70.0,72.0,128.5,101.0
gLH_sFM_cAll_d18_mLH1_ch16,gLH,sFM,cAll,d18,mLH1,ch16,90,[ 81.  70.  87. 131.  75. 100.  95.],[ 89.  84.  75. 126.  87.  90. 108.],91.29,94.14,92.71428571428571,70.0,75.0,75.0,87.0,89.0,88.0
gPO_sFM_cAll_d10_mPO1_ch02,gPO,sFM,cAll,d10,mPO1,ch02,90,[123. 109.  80. 110. 130. 137.  82.],[122.  86.  88.  75.  70.  76. 113.],110.14,90.0,100.07142857142857,80.0,70.0,70.0,110.0,86.0,98.5
gLO_sBM_cAll_d14_mLO0_ch10,gLO,sBM,cAll,d14,mLO0,ch10,80,[144.  77.],[110. 128.],110.5,119.0,114.75,77.0,110.0,77.0,110.5,119.0,119.0
gPO_sFM_cAll_d10_mPO3_ch04,gPO,sFM,cAll,d10,mPO3,ch04,110,[ 76. 100.  86. 120.  76.],[ 73. 102. 113. 120. 108.],91.6,103.2,97.4,76.0,73.0,76.0,86.0,108.0,101.0
gWA_sBM_cAll_d27_mWA2_ch05,gWA,sBM,cAll,d27,mWA2,ch05,100,[136. 122.],[101. 105.],129.0,103.0,116.0,122.0,101.0,101.0,129.0,103.0,113.5
gJS_sFM_cAll_d03_mJS2_ch03,gJS,sFM,cAll,d03,mJS2,ch03,100,[ 93. 120.  84.  98.  80. 138.],[ 81.  96. 128.  84.  91. 134.],102.17,102.33,102.25,80.0,81.0,84.0,95.5,93.5,94.5
gHO_sBM_cAll_d21_mHO2_ch06,gHO,sBM,cAll,d21,mHO2,ch06,120,[118. 116.],[122. 119.],117.0,120.5,118.75,116.0,119.0,116.0,117.0,120.5,118.5
gHO_sBM_cAll_d19_mHO2_ch05,gHO,sBM,cAll,d19,mHO2,ch05,120,[118.  70.],[115. 122.],94.0,118.5,106.25,70.0,115.0,70.0,94.0,118.5,116.5
gJB_sBM_cAll_d07_mJB3_ch07,gJB,sBM,cAll,d07,mJB3,ch07,110,[101. 117.],[118. 132.],109.0,125.0,117.0,101.0,118.0,101.0,109.0,125.0,117.5
gWA_sBM_cAll_d25_mWA2_ch03,gWA,sBM,cAll,d25,mWA2,ch03,100,[ 70. 136.],[121. 100.],103.0,110.5,106.75,70.0,100.0,70.0,103.0,110.5,110.5
gHO_sBM_cAll_d21_mHO4_ch05,gHO,sBM,cAll,d21,mHO4,ch05,130,[127. 130.],[118. 128.],128.5,123.0,125.75,127.0,118.0,118.0,128.5,123.0,127.5
gKR_sBM_cAll_d29_mKR5_ch07,gKR,sBM,cAll,d29,mKR5,ch07,130,[122. 102.],[135.  78.],112.0,106.5,109.25,102.0,78.0,78.0,112.0,106.5,112.0
gJS_sBM_cAll_d03_mJS3_ch04,gJS,sBM,cAll,d03,mJS3,ch04,110,[83. 84.],[83. 70.],83.5,76.5,80.0,83.0,70.0,83.0,83.5,76.5,83.0
gLO_sBM_cAll_d15_mLO5_ch08,gLO,sBM,cAll,d15,mLO5,ch08,130,[100.  99.],[128. 123.],99.5,125.5,112.5,99.0,123.0,99.0,99.5,125.5,111.5
gJS_sBM_cAll_d01_mJS2_ch06,gJS,sBM,cAll,d01,mJS2,ch06,100,[126. 110.],[114.  88.],118.0,101.0,109.5,110.0,88.0,88.0,118.0,101.0,112.0
gHO_sBM_cAll_d21_mHO5_ch03,gHO,sBM,cAll,d21,mHO5,ch03,135,[138.  97.],[103. 100.],117.5,101.5,109.5,97.0,100.0,97.0,117.5,101.5,101.5
gJS_sBM_cAll_d01_mJS1_ch03,gJS,sBM,cAll,d01,mJS1,ch03,90,[71. 86.],[117. 100.],78.5,108.5,93.5,71.0,100.0,71.0,78.5,108.5,93.0
gWA_sBM_cAll_d27_mWA4_ch03,gWA,sBM,cAll,d27,mWA4,ch03,120,[70. 82.],[ 94. 144.],76.0,119.0,97.5,70.0,94.0,70.0,76.0,119.0,88.0
gLO_sBM_cAll_d14_mLO1_ch07,gLO,sBM,cAll,d14,mLO1,ch07,90,[107. 133.],[110. 112.],120.0,111.0,115.5,107.0,110.0,107.0,120.0,111.0,111.0
gWA_sBM_cAll_d27_mWA3_ch01,gWA,sBM,cAll,d27,mWA3,ch01,110,[144. 103.],[ 94. 128.],123.5,111.0,117.25,103.0,94.0,94.0,123.5,111.0,115.5
gJS_sFM_cAll_d02_mJS4_ch09,gJS,sFM,cAll,d02,mJS4,ch09,120,[124.  72. 115.  98.  93.],[119.  94. 144.  80.  81.],100.4,103.6,102.0,72.0,80.0,72.0,98.0,94.0,96.0
gHO_sBM_cAll_d21_mHO4_ch09,gHO,sBM,cAll,d21,mHO4,ch09,130,[129. 125.],[131. 131.],127.0,131.0,129.0,125.0,131.0,131.0,127.0,131.0,130.0
gLH_sBM_cAll_d16_mLH3_ch02,gLH,sBM,cAll,d16,mLH3,ch02,110,[113. 114.],[111. 111.],113.5,111.0,112.25,113.0,111.0,111.0,113.5,111.0,112.0
gLH_sBM_cAll_d18_mLH5_ch10,gLH,sBM,cAll,d18,mLH5,ch10,130,[116.  72.],[131. 135.],94.0,133.0,113.5,72.0,131.0,72.0,94.0,133.0,123.5
gHO_sBM_cAll_d19_mHO1_ch07,gHO,sBM,cAll,d19,mHO1,ch07,115,[123. 115.],[113. 114.],119.0,113.5,116.25,115.0,113.0,113.0,119.0,113.5,114.5
gLO_sBM_cAll_d15_mLO4_ch07,gLO,sBM,cAll,d15,mLO4,ch07,120,[125.  95.],[109. 121.],110.0,115.0,112.5,95.0,109.0,95.0,110.0,115.0,115.0
gWA_sFM_cAll_d27_mWA2_ch17,gWA,sFM,cAll,d27,mWA2,ch17,100,[ 86.  74.  86.  88. 128.  74.],[106. 109.  89. 144.  78. 112.],89.33,106.33,97.83333333333333,74.0,78.0,74.0,86.0,107.5,88.5
gWA_sBM_cAll_d27_mWA5_ch02,gWA,sBM,cAll,d27,mWA5,ch02,130,[ 98. 144.],[144. 126.],121.0,135.0,128.0,98.0,126.0,144.0,121.0,135.0,135.0
gMH_sBM_cAll_d22_mMH1_ch01,gMH,sBM,cAll,d22,mMH1,ch01,90,[91. 93.],[124.  73.],92.0,98.5,95.25,91.0,73.0,73.0,92.0,98.5,92.0
gPO_sFM_cAll_d12_mPO1_ch16,gPO,sFM,cAll,d12,mPO1,ch16,90,[121.  94.  93. 135.  90. 144. 119.],[ 95.  90. 110. 103. 143.  90. 117.],113.71,106.86,110.28571428571429,90.0,90.0,90.0,119.0,103.0,106.5
gKR_sBM_cAll_d28_mKR1_ch03,gKR,sBM,cAll,d28,mKR1,ch03,90,[110.  70.],[91. 89.],90.0,90.0,90.0,70.0,89.0,70.0,90.0,90.0,90.0
gHO_sBM_cAll_d21_mHO5_ch06,gHO,sBM,cAll,d21,mHO5,ch06,135,[84. 82.],[134. 133.],83.0,133.5,108.25,82.0,133.0,82.0,83.0,133.5,108.5
gLH_sBM_cAll_d16_mLH3_ch05,gLH,sBM,cAll,d16,mLH3,ch05,110,[116. 111.],[107. 109.],113.5,108.0,110.75,111.0,107.0,107.0,113.5,108.0,110.0
gWA_sBM_cAll_d25_mWA2_ch08,gWA,sBM,cAll,d25,mWA2,ch08,100,[136. 132.],[101. 104.],134.0,102.5,118.25,132.0,101.0,101.0,134.0,102.5,118.0
gMH_sFM_cAll_d23_mMH4_ch12,gMH,sFM,cAll,d23,mMH4,ch12,120,[104. 142. 122. 105.  77.],[104. 125. 129. 136.  99.],110.0,118.6,114.3,77.0,99.0,104.0,105.0,125.0,113.5
gBR_sBM_cAll_d04_mBR3_ch02,gBR,sBM,cAll,d04,mBR3,ch02,110,[112. 118.],[144.  87.],115.0,115.5,115.25,112.0,87.0,87.0,115.0,115.5,115.0
gJS_sBM_cAll_d03_mJS5_ch05,gJS,sBM,cAll,d03,mJS5,ch05,130,[130. 107.],[125. 139.],118.5,132.0,125.25,107.0,125.0,107.0,118.5,132.0,127.5
gJB_sBM_cAll_d08_mJB5_ch02,gJB,sBM,cAll,d08,mJB5,ch02,130,[ 70. 131.],[70. 71.],100.5,70.5,85.5,70.0,70.0,70.0,100.5,70.5,70.5
gJB_sBM_cAll_d09_mJB2_ch08,gJB,sBM,cAll,d09,mJB2,ch08,100,[112.  97.],[136. 102.],104.5,119.0,111.75,97.0,102.0,97.0,104.5,119.0,107.0
gMH_sBM_cAll_d24_mMH5_ch03,gMH,sBM,cAll,d24,mMH5,ch03,130,[ 99. 131.],[132. 130.],115.0,131.0,123.0,99.0,130.0,99.0,115.0,131.0,130.5
gLO_sBM_cAll_d13_mLO3_ch07,gLO,sBM,cAll,d13,mLO3,ch07,110,[110. 107.],[116. 112.],108.5,114.0,111.25,107.0,112.0,107.0,108.5,114.0,111.0
gWA_sBM_cAll_d26_mWA5_ch09,gWA,sBM,cAll,d26,mWA5,ch09,130,[119.  87.],[132. 144.],103.0,138.0,120.5,87.0,132.0,87.0,103.0,138.0,125.5
gHO_sBM_cAll_d21_mHO4_ch07,gHO,sBM,cAll,d21,mHO4,ch07,130,[121.  70.],[125. 131.],95.5,128.0,111.75,70.0,125.0,70.0,95.5,128.0,123.0
gLO_sBM_cAll_d13_mLO1_ch06,gLO,sBM,cAll,d13,mLO1,ch06,90,[91. 89.],[123.  70.],90.0,96.5,93.25,89.0,70.0,70.0,90.0,96.5,90.0
gMH_sBM_cAll_d22_mMH3_ch10,gMH,sBM,cAll,d22,mMH3,ch10,110,[114. 115.],[111. 110.],114.5,110.5,112.5,114.0,110.0,110.0,114.5,110.5,112.5
gMH_sBM_cAll_d22_mMH3_ch05,gMH,sBM,cAll,d22,mMH3,ch05,110,[111. 116.],[109. 110.],113.5,109.5,111.5,111.0,109.0,109.0,113.5,109.5,110.5
gLH_sFM_cAll_d16_mLH3_ch04,gLH,sFM,cAll,d16,mLH3,ch04,110,[117. 120. 135. 131. 114.],[109. 102. 107.  84. 113.],123.4,103.0,113.2,114.0,84.0,84.0,120.0,107.0,113.5
gJB_sBM_cAll_d08_mJB0_ch02,gJB,sBM,cAll,d08,mJB0,ch02,80,[84. 85.],[ 82. 139.],84.5,110.5,97.5,84.0,82.0,82.0,84.5,110.5,84.5
gKR_sBM_cAll_d30_mKR5_ch07,gKR,sBM,cAll,d30,mKR5,ch07,130,[104. 102.],[144.  70.],103.0,107.0,105.0,102.0,70.0,70.0,103.0,107.0,103.0
gLO_sBM_cAll_d13_mLO1_ch09,gLO,sBM,cAll,d13,mLO1,ch09,90,[71. 70.],[103. 113.],70.5,108.0,89.25,70.0,103.0,70.0,70.5,108.0,87.0
gBR_sBM_cAll_d05_mBR5_ch02,gBR,sBM,cAll,d05,mBR5,ch02,130,[90. 70.],[ 96. 123.],80.0,109.5,94.75,70.0,96.0,70.0,80.0,109.5,93.0
gKR_sBM_cAll_d28_mKR1_ch01,gKR,sBM,cAll,d28,mKR1,ch01,90,[ 76. 137.],[137.  91.],106.5,114.0,110.25,76.0,91.0,137.0,106.5,114.0,114.0
gJS_sBM_cAll_d01_mJS0_ch03,gJS,sBM,cAll,d01,mJS0,ch03,80,[ 79. 141.],[144. 113.],110.0,128.5,119.25,79.0,113.0,79.0,110.0,128.5,127.0
gJS_sFM_cAll_d01_mJS5_ch06,gJS,sFM,cAll,d01,mJS5,ch06,130,[138.  95. 133.  70. 119.],[ 97.  70. 123.  77.  87.],111.0,90.8,100.9,70.0,70.0,70.0,119.0,87.0,96.0
gKR_sBM_cAll_d29_mKR4_ch03,gKR,sBM,cAll,d29,mKR4,ch03,120,[ 91. 142.],[ 75. 117.],116.5,96.0,106.25,91.0,75.0,75.0,116.5,96.0,104.0
gMH_sBM_cAll_d22_mMH2_ch08,gMH,sBM,cAll,d22,mMH2,ch08,100,[ 97. 101.],[100. 102.],99.0,101.0,100.0,97.0,100.0,97.0,99.0,101.0,100.5
gMH_sBM_cAll_d23_mMH4_ch10,gMH,sBM,cAll,d23,mMH4,ch10,120,[111. 115.],[116. 116.],113.0,116.0,114.5,111.0,116.0,116.0,113.0,116.0,115.5
gJB_sBM_cAll_d08_mJB0_ch05,gJB,sBM,cAll,d08,mJB0,ch05,80,[ 72. 129.],[122. 139.],100.5,130.5,115.5,72.0,122.0,72.0,100.5,130.5,125.5
gLO_sBM_cAll_d15_mLO2_ch08,gLO,sBM,cAll,d15,mLO2,ch08,100,[72. 75.],[106.  97.],73.5,101.5,87.5,72.0,97.0,72.0,73.5,101.5,86.0
gBR_sBM_cAll_d06_mBR5_ch06,gBR,sBM,cAll,d06,mBR5,ch06,130,[ 75. 117.],[113. 102.],96.0,107.5,101.75,75.0,102.0,75.0,96.0,107.5,107.5
gHO_sBM_cAll_d19_mHO3_ch07,gHO,sBM,cAll,d19,mHO3,ch07,125,[ 70. 122.],[132. 123.],96.0,127.5,111.75,70.0,123.0,70.0,96.0,127.5,122.5
gJS_sBM_cAll_d03_mJS2_ch09,gJS,sBM,cAll,d03,mJS2,ch09,100,[ 76. 118.],[ 71. 111.],97.0,91.0,94.0,76.0,71.0,71.0,97.0,91.0,93.5
gHO_sFM_cAll_d20_mHO4_ch12,gHO,sFM,cAll,d20,mHO4,ch12,130,[123. 114. 127. 112. 112.],[142. 144. 127. 130. 129.],117.6,134.4,126.0,112.0,127.0,112.0,114.0,130.0,127.0
gJB_sBM_cAll_d07_mJB2_ch03,gJB,sBM,cAll,d07,mJB2,ch03,100,[80. 85.],[81. 83.],82.5,82.0,82.25,80.0,81.0,80.0,82.5,82.0,82.0
gLH_sFM_cAll_d18_mLH5_ch20,gLH,sFM,cAll,d18,mLH5,ch20,130,[ 99.  75. 120.  92.  83.],[127. 107.  72. 117.  81.],93.8,100.8,97.3,75.0,72.0,72.0,92.0,107.0,95.5
gBR_sBM_cAll_d05_mBR4_ch05,gBR,sBM,cAll,d05,mBR4,ch05,120,[102. 144.],[127. 116.],123.0,121.5,122.25,102.0,116.0,102.0,123.0,121.5,121.5
gJB_sBM_cAll_d08_mJB4_ch03,gJB,sBM,cAll,d08,mJB4,ch03,120,[133.  72.],[134. 138.],102.5,136.0,119.25,72.0,134.0,72.0,102.5,136.0,133.5
gMH_sBM_cAll_d22_mMH0_ch10,gMH,sBM,cAll,d22,mMH0,ch10,80,[79. 81.],[84. 80.],80.0,82.0,81.0,79.0,80.0,79.0,80.0,82.0,80.5
gJB_sFM_cAll_d07_mJB3_ch04,gJB,sFM,cAll,d07,mJB3,ch04,110,[128. 107. 107. 144. 123.],[110. 144. 102.  72. 131.],121.8,111.8,116.8,107.0,72.0,107.0,123.0,110.0,116.5
gMH_sBM_cAll_d23_mMH1_ch03,gMH,sBM,cAll,d23,mMH1,ch03,90,[144.  97.],[92. 90.],120.5,91.0,105.75,97.0,90.0,90.0,120.5,91.0,94.5
gMH_sBM_cAll_d22_mMH3_ch06,gMH,sBM,cAll,d22,mMH3,ch06,110,[ 78. 131.],[109. 109.],104.5,109.0,106.75,78.0,109.0,109.0,104.5,109.0,109.0
gLH_sFM_cAll_d17_mLH0_ch14,gLH,sFM,cAll,d17,mLH0,ch14,80,[ 71. 133. 144.  90. 125.  90. 112.],[122.  80.  83. 136. 115. 109. 108.],109.29,107.57,108.42857142857143,90.0,80.0,90.0,112.0,109.0,110.5
gWA_sFM_cAll_d26_mWA5_ch13,gWA,sFM,cAll,d26,mWA5,ch13,130,[131.  90. 128.  83. 129.],[134. 138. 127. 133. 116.],112.2,129.6,120.9,83.0,116.0,83.0,128.0,133.0,128.5
gJB_sBM_cAll_d07_mJB2_ch02,gJB,sBM,cAll,d07,mJB2,ch02,100,[70. 71.],[123.  71.],70.5,97.0,83.75,70.0,71.0,71.0,70.5,97.0,71.0
gPO_sBM_cAll_d12_mPO3_ch04,gPO,sBM,cAll,d12,mPO3,ch04,110,[144. 143.],[144. 112.],143.5,128.0,135.75,143.0,112.0,144.0,143.5,128.0,143.5
gLH_sBM_cAll_d16_mLH2_ch10,gLH,sBM,cAll,d16,mLH2,ch10,100,[134. 100.],[102.  99.],117.0,100.5,108.75,100.0,99.0,99.0,117.0,100.5,101.0
gPO_sFM_cAll_d10_mPO3_ch07,gPO,sFM,cAll,d10,mPO3,ch07,110,[110. 100. 137. 110.  88.],[134. 123. 105. 110. 107.],109.0,115.8,112.4,110.0,105.0,110.0,110.0,110.0,110.0
gJB_sBM_cAll_d07_mJB0_ch01,gJB,sBM,cAll,d07,mJB0,ch01,80,[89. 80.],[133. 100.],84.5,116.5,100.5,80.0,100.0,80.0,84.5,116.5,94.5
gBR_sBM_cAll_d06_mBR2_ch03,gBR,sBM,cAll,d06,mBR2,ch03,100,[100. 100.],[102. 100.],100.0,101.0,100.5,100.0,100.0,100.0,100.0,101.0,100.0
gMH_sFM_cAll_d23_mMH3_ch11,gMH,sFM,cAll,d23,mMH3,ch11,110,[102. 111. 126. 110. 105.],[113. 111.  97. 127. 109.],110.8,111.4,111.1,102.0,97.0,111.0,110.0,111.0,110.5
gKR_sBM_cAll_d30_mKR3_ch05,gKR,sBM,cAll,d30,mKR3,ch05,110,[84. 75.],[78. 92.],79.5,85.0,82.25,75.0,78.0,75.0,79.5,85.0,81.0
gJS_sBM_cAll_d02_mJS5_ch02,gJS,sBM,cAll,d02,mJS5,ch02,130,[115.  70.],[101. 117.],92.5,109.0,100.75,70.0,101.0,70.0,92.5,109.0,108.0
gLO_sBM_cAll_d13_mLO3_ch08,gLO,sBM,cAll,d13,mLO3,ch08,110,[115. 103.],[111. 105.],109.0,108.0,108.5,103.0,105.0,103.0,109.0,108.0,108.0
gBR_sBM_cAll_d05_mBR1_ch04,gBR,sBM,cAll,d05,mBR1,ch04,90,[128.  89.],[100.  90.],108.5,95.0,101.75,89.0,90.0,89.0,108.5,95.0,95.0
gLH_sBM_cAll_d18_mLH3_ch01,gLH,sBM,cAll,d18,mLH3,ch01,110,[117. 113.],[ 75. 106.],115.0,90.5,102.75,113.0,75.0,75.0,115.0,90.5,109.5
gLH_sBM_cAll_d17_mLH4_ch04,gLH,sBM,cAll,d17,mLH4,ch04,120,[139.  91.],[117.  70.],115.0,93.5,104.25,91.0,70.0,70.0,115.0,93.5,104.0
gHO_sBM_cAll_d20_mHO1_ch09,gHO,sBM,cAll,d20,mHO1,ch09,115,[114. 112.],[116. 113.],113.0,114.5,113.75,112.0,113.0,112.0,113.0,114.5,113.5
gPO_sBM_cAll_d10_mPO2_ch10,gPO,sBM,cAll,d10,mPO2,ch10,100,[113.  70.],[100.  86.],91.5,93.0,92.25,70.0,86.0,70.0,91.5,93.0,93.0
gJS_sBM_cAll_d03_mJS4_ch10,gJS,sBM,cAll,d03,mJS4,ch10,120,[ 86. 106.],[141. 109.],96.0,125.0,110.5,86.0,109.0,86.0,96.0,125.0,107.5
gLO_sBM_cAll_d13_mLO3_ch04,gLO,sBM,cAll,d13,mLO3,ch04,110,[108.  73.],[101.  82.],90.5,91.5,91.0,73.0,82.0,73.0,90.5,91.5,91.5
gBR_sBM_cAll_d04_mBR1_ch04,gBR,sBM,cAll,d04,mBR1,ch04,90,[86. 92.],[94. 91.],89.0,92.5,90.75,86.0,91.0,86.0,89.0,92.5,91.5
gJB_sBM_cAll_d09_mJB3_ch03,gJB,sBM,cAll,d09,mJB3,ch03,110,[125. 113.],[110. 101.],119.0,105.5,112.25,113.0,101.0,101.0,119.0,105.5,111.5
gWA_sBM_cAll_d27_mWA3_ch06,gWA,sBM,cAll,d27,mWA3,ch06,110,[120.  78.],[ 77. 112.],99.0,94.5,96.75,78.0,77.0,77.0,99.0,94.5,95.0
gWA_sBM_cAll_d25_mWA3_ch08,gWA,sBM,cAll,d25,mWA3,ch08,110,[132. 137.],[114. 110.],134.5,112.0,123.25,132.0,110.0,110.0,134.5,112.0,123.0
gLH_sBM_cAll_d18_mLH2_ch06,gLH,sBM,cAll,d18,mLH2,ch06,100,[101.  72.],[105.  98.],86.5,101.5,94.0,72.0,98.0,72.0,86.5,101.5,99.5
gJB_sFM_cAll_d08_mJB3_ch11,gJB,sFM,cAll,d08,mJB3,ch11,110,[131.  72. 125. 113. 119.],[ 87. 117.  99.  74. 113.],112.0,98.0,105.0,72.0,74.0,113.0,119.0,99.0,113.0
gLH_sBM_cAll_d17_mLH0_ch02,gLH,sBM,cAll,d17,mLH0,ch02,80,[ 86. 102.],[102. 102.],94.0,102.0,98.0,86.0,102.0,102.0,94.0,102.0,102.0
gHO_sBM_cAll_d19_mHO1_ch10,gHO,sBM,cAll,d19,mHO1,ch10,115,[ 77. 144.],[ 78. 144.],110.5,111.0,110.75,77.0,78.0,144.0,110.5,111.0,111.0
gKR_sBM_cAll_d28_mKR3_ch10,gKR,sBM,cAll,d28,mKR3,ch10,110,[125. 139.],[ 82. 117.],132.0,99.5,115.75,125.0,82.0,82.0,132.0,99.5,121.0
gPO_sBM_cAll_d12_mPO4_ch06,gPO,sBM,cAll,d12,mPO4,ch06,120,[83. 85.],[128.  88.],84.0,108.0,96.0,83.0,88.0,83.0,84.0,108.0,86.5
gKR_sBM_cAll_d29_mKR1_ch09,gKR,sBM,cAll,d29,mKR1,ch09,90,[98. 88.],[139.  70.],93.0,104.5,98.75,88.0,70.0,70.0,93.0,104.5,93.0
gMH_sFM_cAll_d22_mMH4_ch05,gMH,sFM,cAll,d22,mMH4,ch05,120,[ 92. 114. 108.  93.  70.],[111. 121. 110. 126. 120.],95.4,117.6,106.5,70.0,110.0,70.0,93.0,120.0,110.5
gWA_sFM_cAll_d26_mWA4_ch12,gWA,sFM,cAll,d26,mWA4,ch12,120,[127. 108. 139. 144. 144.],[123. 130. 101. 110. 104.],132.4,113.6,123.0,144.0,101.0,144.0,139.0,110.0,125.0
gPO_sBM_cAll_d10_mPO2_ch09,gPO,sBM,cAll,d10,mPO2,ch09,100,[91. 79.],[141. 137.],85.0,139.0,112.0,79.0,137.0,79.0,85.0,139.0,114.0
gHO_sBM_cAll_d20_mHO5_ch03,gHO,sBM,cAll,d20,mHO5,ch03,135,[102. 103.],[130. 134.],102.5,132.0,117.25,102.0,130.0,102.0,102.5,132.0,116.5
gLO_sBM_cAll_d15_mLO3_ch10,gLO,sBM,cAll,d15,mLO3,ch10,110,[ 95. 107.],[121. 108.],101.0,114.5,107.75,95.0,108.0,95.0,101.0,114.5,107.5
gJB_sBM_cAll_d08_mJB5_ch08,gJB,sBM,cAll,d08,mJB5,ch08,130,[136. 114.],[133. 144.],125.0,138.5,131.75,114.0,133.0,114.0,125.0,138.5,134.5
gLH_sBM_cAll_d16_mLH0_ch05,gLH,sBM,cAll,d16,mLH0,ch05,80,[70. 93.],[85. 83.],81.5,84.0,82.75,70.0,83.0,70.0,81.5,84.0,84.0
gJB_sBM_cAll_d07_mJB3_ch03,gJB,sBM,cAll,d07,mJB3,ch03,110,[85. 90.],[86. 88.],87.5,87.0,87.25,85.0,86.0,85.0,87.5,87.0,87.0
gMH_sBM_cAll_d23_mMH4_ch01,gMH,sBM,cAll,d23,mMH4,ch01,120,[121. 112.],[120. 114.],116.5,117.0,116.75,112.0,114.0,112.0,116.5,117.0,117.0
gJB_sFM_cAll_d08_mJB1_ch09,gJB,sFM,cAll,d08,mJB1,ch09,90,[144.  90. 137.  96.  80.  95.  79.],[117.  98. 105. 114. 118. 108.  70.],103.0,104.29,103.64285714285714,79.0,70.0,70.0,95.0,108.0,101.5
gBR_sBM_cAll_d05_mBR0_ch03,gBR,sBM,cAll,d05,mBR0,ch03,80,[76. 80.],[80. 80.],78.0,80.0,79.0,76.0,80.0,80.0,78.0,80.0,80.0
gLO_sBM_cAll_d15_mLO3_ch07,gLO,sBM,cAll,d15,mLO3,ch07,110,[128. 141.],[141. 131.],134.5,136.0,135.25,128.0,131.0,141.0,134.5,136.0,136.0
gLO_sBM_cAll_d13_mLO1_ch10,gLO,sBM,cAll,d13,mLO1,ch10,90,[116. 112.],[91. 89.],114.0,90.0,102.0,112.0,89.0,89.0,114.0,90.0,101.5
gMH_sBM_cAll_d23_mMH5_ch09,gMH,sBM,cAll,d23,mMH5,ch09,130,[132.  81.],[128. 127.],106.5,127.5,117.0,81.0,127.0,81.0,106.5,127.5,127.5
gPO_sBM_cAll_d11_mPO5_ch07,gPO,sBM,cAll,d11,mPO5,ch07,130,[101.  77.],[132. 122.],89.0,127.0,108.0,77.0,122.0,77.0,89.0,127.0,111.5
gBR_sBM_cAll_d04_mBR0_ch03,gBR,sBM,cAll,d04,mBR0,ch03,80,[78. 83.],[81. 80.],80.5,80.5,80.5,78.0,80.0,78.0,80.5,80.5,80.5
gJB_sBM_cAll_d09_mJB3_ch01,gJB,sBM,cAll,d09,mJB3,ch01,110,[103.  93.],[112.  76.],98.0,94.0,96.0,93.0,76.0,76.0,98.0,94.0,98.0
gMH_sBM_cAll_d22_mMH0_ch08,gMH,sBM,cAll,d22,mMH0,ch08,80,[77. 79.],[129.  92.],78.0,110.5,94.25,77.0,92.0,77.0,78.0,110.5,85.5
gKR_sFM_cAll_d28_mKR4_ch05,gKR,sFM,cAll,d28,mKR4,ch05,120,[144.  81. 110. 123.  70.],[121. 128. 105. 102. 122.],105.6,115.6,110.6,70.0,102.0,70.0,110.0,121.0,115.5
gMH_sFM_cAll_d22_mMH3_ch04,gMH,sFM,cAll,d22,mMH3,ch04,110,[ 74. 104.  78. 102. 126.],[114. 115. 113. 111. 119.],96.8,114.4,105.6,74.0,111.0,74.0,102.0,114.0,112.0
gLH_sBM_cAll_d16_mLH3_ch07,gLH,sBM,cAll,d16,mLH3,ch07,110,[80. 83.],[107. 108.],81.5,107.5,94.5,80.0,107.0,80.0,81.5,107.5,95.0
gPO_sBM_cAll_d12_mPO3_ch06,gPO,sBM,cAll,d12,mPO3,ch06,110,[143. 139.],[ 91. 108.],141.0,99.5,120.25,139.0,91.0,91.0,141.0,99.5,123.5
gMH_sBM_cAll_d22_mMH2_ch10,gMH,sBM,cAll,d22,mMH2,ch10,100,[104. 102.],[101. 102.],103.0,101.5,102.25,102.0,101.0,102.0,103.0,101.5,102.0
gPO_sBM_cAll_d11_mPO5_ch06,gPO,sBM,cAll,d11,mPO5,ch06,130,[144.  88.],[99. 95.],116.0,97.0,106.5,88.0,95.0,88.0,116.0,97.0,97.0
gHO_sBM_cAll_d20_mHO4_ch09,gHO,sBM,cAll,d20,mHO4,ch09,130,[124. 128.],[127. 128.],126.0,127.5,126.75,124.0,127.0,128.0,126.0,127.5,127.5
gBR_sBM_cAll_d06_mBR3_ch04,gBR,sBM,cAll,d06,mBR3,ch04,110,[139.  87.],[121. 112.],113.0,116.5,114.75,87.0,112.0,87.0,113.0,116.5,116.5
gBR_sBM_cAll_d05_mBR5_ch03,gBR,sBM,cAll,d05,mBR5,ch03,130,[128. 132.],[129. 124.],130.0,126.5,128.25,128.0,124.0,124.0,130.0,126.5,128.5
gMH_sBM_cAll_d23_mMH1_ch10,gMH,sBM,cAll,d23,mMH1,ch10,90,[87. 89.],[92. 90.],88.0,91.0,89.5,87.0,90.0,87.0,88.0,91.0,89.5
gWA_sBM_cAll_d26_mWA5_ch07,gWA,sBM,cAll,d26,mWA5,ch07,130,[129. 108.],[130.  80.],118.5,105.0,111.75,108.0,80.0,80.0,118.5,105.0,118.5
gLO_sBM_cAll_d14_mLO1_ch06,gLO,sBM,cAll,d14,mLO1,ch06,90,[113. 100.],[130.  94.],106.5,112.0,109.25,100.0,94.0,94.0,106.5,112.0,106.5
gBR_sBM_cAll_d04_mBR3_ch01,gBR,sBM,cAll,d04,mBR3,ch01,110,[121.  81.],[114. 109.],101.0,111.5,106.25,81.0,109.0,81.0,101.0,111.5,111.5
gLO_sBM_cAll_d15_mLO5_ch01,gLO,sBM,cAll,d15,mLO5,ch01,130,[100. 100.],[105.  76.],100.0,90.5,95.25,100.0,76.0,100.0,100.0,90.5,100.0
gKR_sBM_cAll_d30_mKR3_ch03,gKR,sBM,cAll,d30,mKR3,ch03,110,[132.  98.],[77. 80.],115.0,78.5,96.75,98.0,77.0,77.0,115.0,78.5,89.0
gHO_sBM_cAll_d21_mHO3_ch07,gHO,sBM,cAll,d21,mHO3,ch07,125,[124. 131.],[123. 123.],127.5,123.0,125.25,124.0,123.0,123.0,127.5,123.0,123.5
gJS_sBM_cAll_d02_mJS1_ch08,gJS,sBM,cAll,d02,mJS1,ch08,90,[119.  70.],[87. 92.],94.5,89.5,92.0,70.0,87.0,70.0,94.5,89.5,89.5
gJB_sBM_cAll_d08_mJB4_ch02,gJB,sBM,cAll,d08,mJB4,ch02,120,[126. 121.],[119. 116.],123.5,117.5,120.5,121.0,116.0,116.0,123.5,117.5,120.0
gPO_sBM_cAll_d12_mPO2_ch10,gPO,sBM,cAll,d12,mPO2,ch10,100,[85. 96.],[95. 87.],90.5,91.0,90.75,85.0,87.0,85.0,90.5,91.0,91.0
gJB_sBM_cAll_d08_mJB4_ch05,gJB,sBM,cAll,d08,mJB4,ch05,120,[115. 118.],[114. 125.],116.5,119.5,118.0,115.0,114.0,114.0,116.5,119.5,116.5
gJB_sBM_cAll_d08_mJB0_ch04,gJB,sBM,cAll,d08,mJB0,ch04,80,[111. 127.],[ 86. 138.],119.0,112.0,115.5,111.0,86.0,86.0,119.0,112.0,119.0
gHO_sBM_cAll_d20_mHO1_ch08,gHO,sBM,cAll,d20,mHO1,ch08,115,[ 93. 116.],[106. 121.],104.5,113.5,109.0,93.0,106.0,93.0,104.5,113.5,111.0
gLO_sBM_cAll_d14_mLO5_ch08,gLO,sBM,cAll,d14,mLO5,ch08,130,[122. 115.],[107. 114.],118.5,110.5,114.5,115.0,107.0,107.0,118.5,110.5,114.5
gJS_sBM_cAll_d01_mJS3_ch10,gJS,sBM,cAll,d01,mJS3,ch10,110,[144.  82.],[ 94. 106.],113.0,100.0,106.5,82.0,94.0,82.0,113.0,100.0,100.0
gHO_sFM_cAll_d21_mHO5_ch20,gHO,sFM,cAll,d21,mHO5,ch20,135,[120. 144.  72. 102. 129.],[135. 138. 131. 138. 139.],113.4,136.2,124.8,72.0,138.0,138.0,120.0,138.0,133.0
gJS_sBM_cAll_d01_mJS2_ch09,gJS,sBM,cAll,d01,mJS2,ch09,100,[102.  95.],[70. 88.],98.5,79.0,88.75,95.0,70.0,70.0,98.5,79.0,91.5
gHO_sBM_cAll_d20_mHO1_ch05,gHO,sBM,cAll,d20,mHO1,ch05,115,[119. 116.],[119. 117.],117.5,118.0,117.75,116.0,117.0,119.0,117.5,118.0,118.0
gLH_sBM_cAll_d18_mLH5_ch01,gLH,sBM,cAll,d18,mLH5,ch01,130,[130.  70.],[ 99. 123.],100.0,111.0,105.5,70.0,99.0,70.0,100.0,111.0,111.0
gJB_sBM_cAll_d07_mJB2_ch04,gJB,sBM,cAll,d07,mJB2,ch04,100,[76. 73.],[ 74. 101.],74.5,87.5,81.0,73.0,74.0,73.0,74.5,87.5,75.0
gJB_sFM_cAll_d08_mJB4_ch12,gJB,sFM,cAll,d08,mJB4,ch12,120,[132.  73. 141.  92.  74.],[117.  95.  93.  81. 144.],102.4,106.0,104.2,73.0,81.0,73.0,92.0,95.0,94.0
gWA_sFM_cAll_d25_mWA3_ch04,gWA,sFM,cAll,d25,mWA3,ch04,110,[137. 113. 137. 113. 142.],[128. 108.  99. 137. 101.],128.4,114.6,121.5,113.0,99.0,137.0,137.0,108.0,120.5
gKR_sBM_cAll_d30_mKR3_ch08,gKR,sBM,cAll,d30,mKR3,ch08,110,[116.  90.],[79. 84.],103.0,81.5,92.25,90.0,79.0,79.0,103.0,81.5,87.0
gBR_sBM_cAll_d04_mBR0_ch06,gBR,sBM,cAll,d04,mBR0,ch06,80,[104.  97.],[82. 78.],100.5,80.0,90.25,97.0,78.0,78.0,100.5,80.0,89.5
gLO_sBM_cAll_d14_mLO4_ch02,gLO,sBM,cAll,d14,mLO4,ch02,120,[110. 101.],[97. 93.],105.5,95.0,100.25,101.0,93.0,93.0,105.5,95.0,99.0
gKR_sFM_cAll_d28_mKR1_ch02,gKR,sFM,cAll,d28,mKR1,ch02,90,[ 95.  99. 124.  94. 144. 105. 116.],[ 87. 114. 106. 123. 105. 106. 131.],111.0,110.29,110.64285714285714,94.0,106.0,105.0,105.0,106.0,106.0
gJB_sBM_cAll_d07_mJB0_ch03,gJB,sBM,cAll,d07,mJB0,ch03,80,[143.  76.],[116. 144.],109.5,130.0,119.75,76.0,116.0,76.0,109.5,130.0,129.5
gPO_sBM_cAll_d11_mPO1_ch05,gPO,sBM,cAll,d11,mPO1,ch05,90,[78. 73.],[ 97. 121.],75.5,109.0,92.25,73.0,97.0,73.0,75.5,109.0,87.5
gJS_sBM_cAll_d02_mJS5_ch10,gJS,sBM,cAll,d02,mJS5,ch10,130,[ 76. 144.],[98. 89.],110.0,93.5,101.75,76.0,89.0,76.0,110.0,93.5,93.5
gJB_sBM_cAll_d07_mJB2_ch09,gJB,sBM,cAll,d07,mJB2,ch09,100,[121.  70.],[ 80. 144.],95.5,112.0,103.75,70.0,80.0,70.0,95.5,112.0,100.5
gMH_sBM_cAll_d24_mMH4_ch02,gMH,sBM,cAll,d24,mMH4,ch02,120,[109. 110.],[121.  85.],109.5,103.0,106.25,109.0,85.0,85.0,109.5,103.0,109.5
gLO_sBM_cAll_d15_mLO4_ch06,gLO,sBM,cAll,d15,mLO4,ch06,120,[119. 144.],[90. 90.],131.5,90.0,110.75,119.0,90.0,90.0,131.5,90.0,104.5
gWA_sBM_cAll_d26_mWA4_ch05,gWA,sBM,cAll,d26,mWA4,ch05,120,[ 70. 144.],[115.  91.],107.0,103.0,105.0,70.0,91.0,70.0,107.0,103.0,103.0
gMH_sBM_cAll_d22_mMH0_ch02,gMH,sBM,cAll,d22,mMH0,ch02,80,[144. 101.],[ 70. 122.],122.5,96.0,109.25,101.0,70.0,70.0,122.5,96.0,111.5
gJS_sBM_cAll_d03_mJS4_ch01,gJS,sBM,cAll,d03,mJS4,ch01,120,[128.  70.],[ 72. 118.],99.0,95.0,97.0,70.0,72.0,70.0,99.0,95.0,95.0
gJB_sBM_cAll_d08_mJB1_ch04,gJB,sBM,cAll,d08,mJB1,ch04,90,[74. 86.],[118.  93.],80.0,105.5,92.75,74.0,93.0,74.0,80.0,105.5,89.5
gJS_sBM_cAll_d03_mJS4_ch03,gJS,sBM,cAll,d03,mJS4,ch03,120,[102.  97.],[120. 130.],99.5,125.0,112.25,97.0,120.0,97.0,99.5,125.0,111.0
gWA_sBM_cAll_d26_mWA5_ch02,gWA,sBM,cAll,d26,mWA5,ch02,130,[124. 122.],[144. 116.],123.0,130.0,126.5,122.0,116.0,116.0,123.0,130.0,123.0
gWA_sBM_cAll_d25_mWA2_ch09,gWA,sBM,cAll,d25,mWA2,ch09,100,[ 92. 101.],[122. 130.],96.5,126.0,111.25,92.0,122.0,92.0,96.5,126.0,111.5
gJS_sBM_cAll_d03_mJS3_ch07,gJS,sBM,cAll,d03,mJS3,ch07,110,[ 73. 103.],[119. 112.],88.0,115.5,101.75,73.0,112.0,73.0,88.0,115.5,107.5
gLH_sBM_cAll_d16_mLH2_ch03,gLH,sBM,cAll,d16,mLH2,ch03,100,[144. 125.],[113.  76.],134.5,94.5,114.5,125.0,76.0,76.0,134.5,94.5,119.0
gPO_sBM_cAll_d12_mPO2_ch05,gPO,sBM,cAll,d12,mPO2,ch05,100,[99. 91.],[140.  78.],95.0,109.0,102.0,91.0,78.0,78.0,95.0,109.0,95.0
gPO_sBM_cAll_d12_mPO2_ch08,gPO,sBM,cAll,d12,mPO2,ch08,100,[138. 138.],[100. 104.],138.0,102.0,120.0,138.0,100.0,138.0,138.0,102.0,121.0
gHO_sBM_cAll_d19_mHO0_ch09,gHO,sBM,cAll,d19,mHO0,ch09,110,[ 70. 115.],[110. 111.],92.5,110.5,101.5,70.0,110.0,70.0,92.5,110.5,110.5
gKR_sBM_cAll_d29_mKR4_ch10,gKR,sBM,cAll,d29,mKR4,ch10,120,[135.  92.],[117. 116.],113.5,116.5,115.0,92.0,116.0,92.0,113.5,116.5,116.5
gJS_sBM_cAll_d03_mJS3_ch03,gJS,sBM,cAll,d03,mJS3,ch03,110,[73. 93.],[107. 125.],83.0,116.0,99.5,73.0,107.0,73.0,83.0,116.0,100.0
gKR_sBM_cAll_d30_mKR2_ch02,gKR,sBM,cAll,d30,mKR2,ch02,100,[144. 123.],[104. 100.],133.5,102.0,117.75,123.0,100.0,100.0,133.5,102.0,113.5
gJS_sBM_cAll_d03_mJS2_ch10,gJS,sBM,cAll,d03,mJS2,ch10,100,[ 82. 130.],[109.  74.],106.0,91.5,98.75,82.0,74.0,74.0,106.0,91.5,95.5
gLO_sBM_cAll_d15_mLO5_ch05,gLO,sBM,cAll,d15,mLO5,ch05,130,[131. 139.],[ 96. 124.],135.0,110.0,122.5,131.0,96.0,96.0,135.0,110.0,127.5
gJS_sBM_cAll_d03_mJS5_ch03,gJS,sBM,cAll,d03,mJS5,ch03,130,[121. 134.],[140. 104.],127.5,122.0,124.75,121.0,104.0,104.0,127.5,122.0,127.5
gJS_sBM_cAll_d02_mJS5_ch08,gJS,sBM,cAll,d02,mJS5,ch08,130,[70. 70.],[132. 127.],70.0,129.5,99.75,70.0,127.0,70.0,70.0,129.5,98.5
gWA_sBM_cAll_d26_mWA1_ch02,gWA,sBM,cAll,d26,mWA1,ch02,90,[136. 106.],[134. 117.],121.0,125.5,123.25,106.0,117.0,106.0,121.0,125.5,125.5
gJS_sBM_cAll_d01_mJS2_ch10,gJS,sBM,cAll,d01,mJS2,ch10,100,[ 82. 116.],[123. 129.],99.0,126.0,112.5,82.0,123.0,82.0,99.0,126.0,119.5
gKR_sBM_cAll_d28_mKR1_ch08,gKR,sBM,cAll,d28,mKR1,ch08,90,[140. 136.],[94. 91.],138.0,92.5,115.25,136.0,91.0,91.0,138.0,92.5,115.0
gPO_sBM_cAll_d12_mPO3_ch02,gPO,sBM,cAll,d12,mPO3,ch02,110,[75. 71.],[111.  85.],73.0,98.0,85.5,71.0,85.0,71.0,73.0,98.0,80.0
gLH_sBM_cAll_d16_mLH2_ch08,gLH,sBM,cAll,d16,mLH2,ch08,100,[ 93. 105.],[78. 77.],99.0,77.5,88.25,93.0,77.0,77.0,99.0,77.5,85.5
gKR_sBM_cAll_d29_mKR4_ch04,gKR,sBM,cAll,d29,mKR4,ch04,120,[120.  70.],[124. 121.],95.0,122.5,108.75,70.0,121.0,70.0,95.0,122.5,120.5
gJS_sBM_cAll_d03_mJS2_ch05,gJS,sBM,cAll,d03,mJS2,ch05,100,[109.  73.],[136. 132.],91.0,134.0,112.5,73.0,132.0,73.0,91.0,134.0,120.5
gBR_sFM_cAll_d06_mBR4_ch20,gBR,sFM,cAll,d06,mBR4,ch20,120,[103.  80. 113. 144.  88.],[126. 135. 138. 120. 131.],105.6,130.0,117.8,80.0,120.0,80.0,103.0,131.0,123.0
gHO_sBM_cAll_d19_mHO2_ch01,gHO,sBM,cAll,d19,mHO2,ch01,120,[86. 91.],[112. 120.],88.5,116.0,102.25,86.0,112.0,86.0,88.5,116.0,101.5
gLH_sBM_cAll_d18_mLH3_ch02,gLH,sBM,cAll,d18,mLH3,ch02,110,[135. 118.],[101. 109.],126.5,105.0,115.75,118.0,101.0,101.0,126.5,105.0,113.5
gJB_sBM_cAll_d08_mJB5_ch09,gJB,sBM,cAll,d08,mJB5,ch09,130,[73. 76.],[118.  72.],74.5,95.0,84.75,73.0,72.0,72.0,74.5,95.0,74.5
gLO_sFM_cAll_d13_mLO3_ch04,gLO,sFM,cAll,d13,mLO3,ch04,110,[118. 144. 129. 127. 121.],[113. 144. 107. 136. 144.],127.8,128.8,128.3,118.0,144.0,144.0,127.0,136.0,128.0
gMH_sBM_cAll_d23_mMH1_ch04,gMH,sBM,cAll,d23,mMH1,ch04,90,[114. 124.],[109. 124.],119.0,116.5,117.75,114.0,109.0,124.0,119.0,116.5,119.0
gPO_sBM_cAll_d11_mPO0_ch01,gPO,sBM,cAll,d11,mPO0,ch01,80,[83. 80.],[83. 80.],81.5,81.5,81.5,80.0,80.0,80.0,81.5,81.5,81.5
gBR_sBM_cAll_d06_mBR5_ch02,gBR,sBM,cAll,d06,mBR5,ch02,130,[132. 133.],[ 92. 144.],132.5,118.0,125.25,132.0,92.0,92.0,132.5,118.0,132.5
gKR_sFM_cAll_d30_mKR2_ch17,gKR,sFM,cAll,d30,mKR2,ch17,100,[135. 141. 135. 126. 118. 123.],[ 99. 116. 138. 126.  86. 102.],129.67,111.17,120.41666666666667,135.0,86.0,126.0,130.5,109.0,124.5
gKR_sBM_cAll_d29_mKR4_ch09,gKR,sBM,cAll,d29,mKR4,ch09,120,[118. 123.],[122. 144.],120.5,133.0,126.75,118.0,122.0,118.0,120.5,133.0,122.5
gWA_sBM_cAll_d27_mWA4_ch10,gWA,sBM,cAll,d27,mWA4,ch10,120,[109.  95.],[103. 115.],102.0,109.0,105.5,95.0,103.0,95.0,102.0,109.0,106.0
gJS_sBM_cAll_d01_mJS1_ch02,gJS,sBM,cAll,d01,mJS1,ch02,90,[144. 104.],[119. 122.],124.0,120.5,122.25,104.0,119.0,104.0,124.0,120.5,120.5
gLO_sBM_cAll_d15_mLO4_ch04,gLO,sBM,cAll,d15,mLO4,ch04,120,[ 76. 132.],[103. 124.],104.0,113.5,108.75,76.0,103.0,76.0,104.0,113.5,113.5
gJB_sFM_cAll_d09_mJB1_ch21,gJB,sFM,cAll,d09,mJB1,ch21,90,[ 92. 144.  80. 120. 109. 122.  92.],[90. 79. 91. 83. 80. 95. 90.],108.43,86.86,97.64285714285714,92.0,90.0,80.0,109.0,90.0,91.5
gBR_sFM_cAll_d05_mBR5_ch12,gBR,sFM,cAll,d05,mBR5,ch12,130,[103.  93. 144. 144.  71.],[132. 131. 112. 130. 132.],111.0,127.4,119.2,144.0,132.0,132.0,103.0,131.0,130.5
gJS_sBM_cAll_d01_mJS1_ch06,gJS,sBM,cAll,d01,mJS1,ch06,90,[114. 138.],[115. 118.],126.0,116.5,121.25,114.0,115.0,114.0,126.0,116.5,116.5
gWA_sFM_cAll_d27_mWA5_ch20,gWA,sFM,cAll,d27,mWA5,ch20,130,[ 70. 139. 143. 140.  70.],[106. 133.  78. 119. 116.],112.4,110.4,111.4,70.0,78.0,70.0,139.0,116.0,117.5
gWA_sBM_cAll_d25_mWA2_ch01,gWA,sBM,cAll,d25,mWA2,ch01,100,[75. 82.],[ 98. 107.],78.5,102.5,90.5,75.0,98.0,75.0,78.5,102.5,90.0
gJB_sFM_cAll_d07_mJB0_ch01,gJB,sFM,cAll,d07,mJB0,ch01,80,[142.  90. 134. 106. 122. 123. 101.],[ 89. 120. 144.  70. 117.  82.  70.],116.86,98.86,107.85714285714286,90.0,70.0,70.0,122.0,89.0,111.5
gKR_sBM_cAll_d30_mKR2_ch04,gKR,sBM,cAll,d30,mKR2,ch04,100,[129. 122.],[119. 125.],125.5,122.0,123.75,122.0,119.0,119.0,125.5,122.0,123.5
gMH_sBM_cAll_d23_mMH5_ch04,gMH,sBM,cAll,d23,mMH5,ch04,130,[105.  94.],[102. 118.],99.5,110.0,104.75,94.0,102.0,94.0,99.5,110.0,103.5
gLO_sBM_cAll_d13_mLO2_ch06,gLO,sBM,cAll,d13,mLO2,ch06,100,[115.  98.],[74. 75.],106.5,74.5,90.5,98.0,74.0,74.0,106.5,74.5,86.5
gLH_sBM_cAll_d17_mLH0_ch09,gLH,sBM,cAll,d17,mLH0,ch09,80,[108.  83.],[ 95. 123.],95.5,109.0,102.25,83.0,95.0,83.0,95.5,109.0,101.5
gPO_sBM_cAll_d11_mPO1_ch10,gPO,sBM,cAll,d11,mPO1,ch10,90,[135. 116.],[105. 105.],125.5,105.0,115.25,116.0,105.0,105.0,125.5,105.0,110.5
gWA_sBM_cAll_d27_mWA5_ch07,gWA,sBM,cAll,d27,mWA5,ch07,130,[ 70. 144.],[132. 144.],107.0,138.0,122.5,70.0,132.0,144.0,107.0,138.0,138.0
gJS_sBM_cAll_d03_mJS2_ch07,gJS,sBM,cAll,d03,mJS2,ch07,100,[138.  94.],[144. 103.],116.0,123.5,119.75,94.0,103.0,94.0,116.0,123.5,120.5
gJS_sBM_cAll_d03_mJS4_ch07,gJS,sBM,cAll,d03,mJS4,ch07,120,[118. 114.],[106.  76.],116.0,91.0,103.5,114.0,76.0,76.0,116.0,91.0,110.0
gMH_sBM_cAll_d24_mMH5_ch10,gMH,sBM,cAll,d24,mMH5,ch10,130,[144. 126.],[131. 127.],135.0,129.0,132.0,126.0,127.0,126.0,135.0,129.0,129.0
gMH_sBM_cAll_d23_mMH0_ch02,gMH,sBM,cAll,d23,mMH0,ch02,80,[144. 141.],[109. 118.],142.5,113.5,128.0,141.0,109.0,109.0,142.5,113.5,129.5
gHO_sBM_cAll_d21_mHO4_ch06,gHO,sBM,cAll,d21,mHO4,ch06,130,[130. 129.],[128. 130.],129.5,129.0,129.25,129.0,128.0,130.0,129.5,129.0,129.5
gHO_sBM_cAll_d21_mHO2_ch01,gHO,sBM,cAll,d21,mHO2,ch01,120,[124. 121.],[122. 115.],122.5,118.5,120.5,121.0,115.0,115.0,122.5,118.5,121.5
gHO_sFM_cAll_d21_mHO0_ch15,gHO,sFM,cAll,d21,mHO0,ch15,110,[ 81. 138.  82. 143. 107.],[114. 109. 106. 108. 107.],110.2,108.8,109.5,81.0,106.0,107.0,107.0,108.0,107.5
gWA_sBM_cAll_d25_mWA1_ch05,gWA,sBM,cAll,d25,mWA1,ch05,90,[ 80. 138.],[123. 144.],109.0,133.5,121.25,80.0,123.0,80.0,109.0,133.5,130.5
gMH_sBM_cAll_d22_mMH0_ch05,gMH,sBM,cAll,d22,mMH0,ch05,80,[ 78. 113.],[99. 80.],95.5,89.5,92.5,78.0,80.0,78.0,95.5,89.5,89.5
gMH_sBM_cAll_d23_mMH4_ch03,gMH,sBM,cAll,d23,mMH4,ch03,120,[117. 114.],[ 94. 119.],115.5,106.5,111.0,114.0,94.0,94.0,115.5,106.5,115.5
gPO_sBM_cAll_d12_mPO2_ch02,gPO,sBM,cAll,d12,mPO2,ch02,100,[79. 70.],[103. 103.],74.5,103.0,88.75,70.0,103.0,103.0,74.5,103.0,91.0
gWA_sBM_cAll_d26_mWA4_ch01,gWA,sBM,cAll,d26,mWA4,ch01,120,[97. 98.],[133.  94.],97.5,113.5,105.5,97.0,94.0,94.0,97.5,113.5,97.5
gBR_sBM_cAll_d04_mBR0_ch07,gBR,sBM,cAll,d04,mBR0,ch07,80,[ 70. 141.],[97. 94.],105.5,95.5,100.5,70.0,94.0,70.0,105.5,95.5,95.5
gKR_sFM_cAll_d29_mKR0_ch08,gKR,sFM,cAll,d29,mKR0,ch08,80,[ 70. 107. 144.  92. 134. 115. 101.],[ 95. 119.  91. 144. 135. 111.  77.],109.0,110.29,109.64285714285714,70.0,77.0,144.0,107.0,111.0,109.0
gLH_sBM_cAll_d18_mLH3_ch06,gLH,sBM,cAll,d18,mLH3,ch06,110,[104. 111.],[133. 131.],107.5,132.0,119.75,104.0,131.0,104.0,107.5,132.0,121.0
gLO_sBM_cAll_d14_mLO5_ch06,gLO,sBM,cAll,d14,mLO5,ch06,130,[123. 115.],[112.  95.],119.0,103.5,111.25,115.0,95.0,95.0,119.0,103.5,113.5
gLH_sBM_cAll_d18_mLH3_ch10,gLH,sBM,cAll,d18,mLH3,ch10,110,[113. 104.],[105. 126.],108.5,115.5,112.0,104.0,105.0,104.0,108.5,115.5,109.0
gLO_sBM_cAll_d15_mLO4_ch10,gLO,sBM,cAll,d15,mLO4,ch10,120,[96. 93.],[125. 121.],94.5,123.0,108.75,93.0,121.0,93.0,94.5,123.0,108.5
gJS_sBM_cAll_d03_mJS5_ch09,gJS,sBM,cAll,d03,mJS5,ch09,130,[144.  99.],[ 80. 115.],121.5,97.5,109.5,99.0,80.0,80.0,121.5,97.5,107.0
gJS_sFM_cAll_d03_mJS0_ch01,gJS,sFM,cAll,d03,mJS0,ch01,80,[113. 122. 104.  87. 112.  73.  80.],[101.  99. 136.  78.  81. 121.  95.],98.71,101.57,100.14285714285714,73.0,78.0,73.0,104.0,99.0,100.0
gPO_sBM_cAll_d10_mPO1_ch09,gPO,sBM,cAll,d10,mPO1,ch09,90,[90. 83.],[93. 81.],86.5,87.0,86.75,83.0,81.0,81.0,86.5,87.0,86.5
gHO_sBM_cAll_d20_mHO1_ch03,gHO,sBM,cAll,d20,mHO1,ch03,115,[96. 92.],[114. 117.],94.0,115.5,104.75,92.0,114.0,92.0,94.0,115.5,105.0
gJS_sBM_cAll_d02_mJS0_ch05,gJS,sBM,cAll,d02,mJS0,ch05,80,[111. 133.],[129. 138.],122.0,133.5,127.75,111.0,129.0,111.0,122.0,133.5,131.0
gKR_sBM_cAll_d30_mKR2_ch10,gKR,sBM,cAll,d30,mKR2,ch10,100,[129.  94.],[127. 126.],111.5,126.5,119.0,94.0,126.0,94.0,111.5,126.5,126.5
gLO_sBM_cAll_d14_mLO4_ch04,gLO,sBM,cAll,d14,mLO4,ch04,120,[115. 108.],[111.  70.],111.5,90.5,101.0,108.0,70.0,70.0,111.5,90.5,109.5
gJS_sBM_cAll_d01_mJS3_ch07,gJS,sBM,cAll,d01,mJS3,ch07,110,[ 97. 109.],[ 82. 104.],103.0,93.0,98.0,97.0,82.0,82.0,103.0,93.0,100.5
gLH_sBM_cAll_d17_mLH1_ch08,gLH,sBM,cAll,d17,mLH1,ch08,90,[144.  91.],[139.  89.],117.5,114.0,115.75,91.0,89.0,89.0,117.5,114.0,115.0
gJS_sBM_cAll_d01_mJS2_ch04,gJS,sBM,cAll,d01,mJS2,ch04,100,[136. 100.],[ 81. 102.],118.0,91.5,104.75,100.0,81.0,81.0,118.0,91.5,101.0
gJS_sBM_cAll_d02_mJS5_ch09,gJS,sBM,cAll,d02,mJS5,ch09,130,[144. 130.],[78. 70.],137.0,74.0,105.5,130.0,70.0,70.0,137.0,74.0,104.0
gBR_sBM_cAll_d06_mBR4_ch02,gBR,sBM,cAll,d06,mBR4,ch02,120,[ 86. 122.],[ 91. 138.],104.0,114.5,109.25,86.0,91.0,86.0,104.0,114.5,106.5
gLH_sFM_cAll_d17_mLH2_ch10,gLH,sFM,cAll,d17,mLH2,ch10,100,[ 84.  89. 125.  98.  99.  91.],[ 72. 103. 132. 140. 106.  93.],97.67,107.67,102.66666666666667,84.0,72.0,72.0,94.5,104.5,98.5
gJS_sBM_cAll_d03_mJS2_ch06,gJS,sBM,cAll,d03,mJS2,ch06,100,[ 70. 102.],[111. 128.],86.0,119.5,102.75,70.0,111.0,70.0,86.0,119.5,106.5
gJS_sBM_cAll_d01_mJS0_ch01,gJS,sBM,cAll,d01,mJS0,ch01,80,[129.  96.],[144. 128.],112.5,136.0,124.25,96.0,128.0,96.0,112.5,136.0,128.5
gLO_sBM_cAll_d15_mLO5_ch10,gLO,sBM,cAll,d15,mLO5,ch10,130,[101. 127.],[135. 127.],114.0,131.0,122.5,101.0,127.0,127.0,114.0,131.0,127.0
gJS_sBM_cAll_d02_mJS4_ch09,gJS,sBM,cAll,d02,mJS4,ch09,120,[144.  96.],[ 70. 144.],120.0,107.0,113.5,96.0,70.0,144.0,120.0,107.0,120.0
gWA_sFM_cAll_d26_mWA3_ch11,gWA,sFM,cAll,d26,mWA3,ch11,110,[ 96. 130. 124. 138.  81.],[112. 144.  82.  95. 111.],113.8,108.8,111.3,81.0,82.0,81.0,124.0,111.0,111.5
gLH_sBM_cAll_d17_mLH1_ch10,gLH,sBM,cAll,d17,mLH1,ch10,90,[96. 98.],[ 94. 120.],97.0,107.0,102.0,96.0,94.0,94.0,97.0,107.0,97.0
gPO_sBM_cAll_d11_mPO1_ch06,gPO,sBM,cAll,d11,mPO1,ch06,90,[102. 102.],[92. 90.],102.0,91.0,96.5,102.0,90.0,102.0,102.0,91.0,97.0
gLO_sBM_cAll_d14_mLO1_ch08,gLO,sBM,cAll,d14,mLO1,ch08,90,[ 82. 113.],[125. 135.],97.5,130.0,113.75,82.0,125.0,82.0,97.5,130.0,119.0
gHO_sBM_cAll_d21_mHO4_ch01,gHO,sBM,cAll,d21,mHO4,ch01,130,[129. 132.],[ 93. 104.],130.5,98.5,114.5,129.0,93.0,93.0,130.5,98.5,116.5
gHO_sBM_cAll_d19_mHO0_ch07,gHO,sBM,cAll,d19,mHO0,ch07,110,[ 70. 107.],[106. 107.],88.5,106.5,97.5,70.0,106.0,107.0,88.5,106.5,106.5
gJB_sBM_cAll_d09_mJB2_ch06,gJB,sBM,cAll,d09,mJB2,ch06,100,[88. 79.],[92. 94.],83.5,93.0,88.25,79.0,92.0,79.0,83.5,93.0,90.0
gMH_sBM_cAll_d24_mMH2_ch09,gMH,sBM,cAll,d24,mMH2,ch09,100,[100. 100.],[128.  97.],100.0,112.5,106.25,100.0,97.0,100.0,100.0,112.5,100.0
gPO_sBM_cAll_d10_mPO3_ch05,gPO,sBM,cAll,d10,mPO3,ch05,110,[85. 80.],[93. 99.],82.5,96.0,89.25,80.0,93.0,80.0,82.5,96.0,89.0
gJS_sBM_cAll_d01_mJS1_ch04,gJS,sBM,cAll,d01,mJS1,ch04,90,[90. 96.],[ 71. 101.],93.0,86.0,89.5,90.0,71.0,71.0,93.0,86.0,93.0
gWA_sFM_cAll_d25_mWA5_ch07,gWA,sFM,cAll,d25,mWA5,ch07,130,[139. 143. 111.  78. 135.],[ 74. 139. 127.  85.  70.],121.2,99.0,110.1,78.0,70.0,139.0,135.0,85.0,119.0
gJS_sBM_cAll_d02_mJS1_ch10,gJS,sBM,cAll,d02,mJS1,ch10,90,[106. 100.],[131.  95.],103.0,113.0,108.0,100.0,95.0,95.0,103.0,113.0,103.0
gPO_sBM_cAll_d12_mPO2_ch03,gPO,sBM,cAll,d12,mPO2,ch03,100,[ 88. 104.],[ 95. 100.],96.0,97.5,96.75,88.0,95.0,88.0,96.0,97.5,97.5
gJS_sBM_cAll_d02_mJS5_ch05,gJS,sBM,cAll,d02,mJS5,ch05,130,[120. 123.],[144. 108.],121.5,126.0,123.75,120.0,108.0,108.0,121.5,126.0,121.5
gHO_sBM_cAll_d19_mHO2_ch09,gHO,sBM,cAll,d19,mHO2,ch09,120,[125. 125.],[118. 122.],125.0,120.0,122.5,125.0,118.0,125.0,125.0,120.0,123.5
gJS_sBM_cAll_d02_mJS1_ch06,gJS,sBM,cAll,d02,mJS1,ch06,90,[ 82. 144.],[104. 120.],113.0,112.0,112.5,82.0,104.0,82.0,113.0,112.0,112.0
gBR_sBM_cAll_d05_mBR0_ch09,gBR,sBM,cAll,d05,mBR0,ch09,80,[119. 124.],[107. 101.],121.5,104.0,112.75,119.0,101.0,101.0,121.5,104.0,113.0
gMH_sBM_cAll_d23_mMH5_ch06,gMH,sBM,cAll,d23,mMH5,ch06,130,[ 88. 129.],[126. 102.],108.5,114.0,111.25,88.0,102.0,88.0,108.5,114.0,114.0
gJS_sBM_cAll_d02_mJS4_ch02,gJS,sBM,cAll,d02,mJS4,ch02,120,[101.  71.],[135.  70.],86.0,102.5,94.25,71.0,70.0,70.0,86.0,102.5,86.0
gHO_sBM_cAll_d19_mHO0_ch03,gHO,sBM,cAll,d19,mHO0,ch03,110,[ 80. 110.],[103. 108.],95.0,105.5,100.25,80.0,103.0,80.0,95.0,105.5,105.5
gJB_sBM_cAll_d07_mJB0_ch07,gJB,sBM,cAll,d07,mJB0,ch07,80,[ 85. 124.],[104.  97.],104.5,100.5,102.5,85.0,97.0,85.0,104.5,100.5,100.5
gBR_sBM_cAll_d06_mBR3_ch02,gBR,sBM,cAll,d06,mBR3,ch02,110,[ 70. 111.],[144. 137.],90.5,140.5,115.5,70.0,137.0,70.0,90.5,140.5,124.0
gBR_sBM_cAll_d05_mBR4_ch02,gBR,sBM,cAll,d05,mBR4,ch02,120,[87. 90.],[ 90. 141.],88.5,115.5,102.0,87.0,90.0,90.0,88.5,115.5,90.0
gLH_sBM_cAll_d16_mLH1_ch02,gLH,sBM,cAll,d16,mLH1,ch02,90,[111.  89.],[89. 91.],100.0,90.0,95.0,89.0,89.0,89.0,100.0,90.0,90.0
gJB_sBM_cAll_d09_mJB4_ch03,gJB,sBM,cAll,d09,mJB4,ch03,120,[134. 100.],[129.  82.],117.0,105.5,111.25,100.0,82.0,82.0,117.0,105.5,114.5
gJB_sFM_cAll_d09_mJB4_ch19,gJB,sFM,cAll,d09,mJB4,ch19,120,[142.  78.  94. 106. 120.],[104.  80. 111. 106. 129.],108.0,106.0,107.0,78.0,80.0,106.0,106.0,106.0,106.0
gMH_sBM_cAll_d24_mMH5_ch01,gMH,sBM,cAll,d24,mMH5,ch01,130,[130. 144.],[128. 137.],137.0,132.5,134.75,130.0,128.0,128.0,137.0,132.5,133.5
gPO_sFM_cAll_d11_mPO2_ch14,gPO,sFM,cAll,d11,mPO2,ch14,100,[122. 108. 133. 129. 136.  90.],[110. 107. 124.  87. 105. 102.],119.67,105.83,112.75,90.0,87.0,87.0,125.5,106.0,109.0
gPO_sBM_cAll_d12_mPO3_ch03,gPO,sBM,cAll,d12,mPO3,ch03,110,[117. 134.],[106. 109.],125.5,107.5,116.5,117.0,106.0,106.0,125.5,107.5,113.0
gWA_sBM_cAll_d27_mWA2_ch01,gWA,sBM,cAll,d27,mWA2,ch01,100,[142. 124.],[ 96. 119.],133.0,107.5,120.25,124.0,96.0,96.0,133.0,107.5,121.5
gPO_sBM_cAll_d12_mPO5_ch07,gPO,sBM,cAll,d12,mPO5,ch07,130,[126.  93.],[109. 129.],109.5,119.0,114.25,93.0,109.0,93.0,109.5,119.0,117.5
gJS_sFM_cAll_d03_mJS5_ch14,gJS,sFM,cAll,d03,mJS5,ch14,130,[107.  84. 105. 118. 125.],[ 70.  83. 100.  87. 114.],107.8,90.8,99.3,84.0,70.0,70.0,107.0,87.0,102.5
gJS_sBM_cAll_d03_mJS5_ch10,gJS,sBM,cAll,d03,mJS5,ch10,130,[101. 118.],[90. 91.],109.5,90.5,100.0,101.0,90.0,90.0,109.5,90.5,96.0
gMH_sBM_cAll_d23_mMH0_ch06,gMH,sBM,cAll,d23,mMH0,ch06,80,[122. 121.],[83. 80.],121.5,81.5,101.5,121.0,80.0,80.0,121.5,81.5,102.0
gJS_sBM_cAll_d01_mJS3_ch09,gJS,sBM,cAll,d01,mJS3,ch09,110,[106. 100.],[98. 91.],103.0,94.5,98.75,100.0,91.0,91.0,103.0,94.5,99.0
gKR_sBM_cAll_d28_mKR0_ch01,gKR,sBM,cAll,d28,mKR0,ch01,80,[ 71. 115.],[123. 121.],93.0,122.0,107.5,71.0,121.0,71.0,93.0,122.0,118.0
gPO_sBM_cAll_d11_mPO0_ch03,gPO,sBM,cAll,d11,mPO0,ch03,80,[ 84. 144.],[84. 79.],114.0,81.5,97.75,84.0,79.0,84.0,114.0,81.5,84.0
gLH_sFM_cAll_d18_mLH2_ch17,gLH,sFM,cAll,d18,mLH2,ch17,100,[105.  70. 143.  99.  91. 123.],[ 70.  85.  97.  72. 124.  85.],105.17,88.83,97.0,70.0,85.0,70.0,102.0,85.0,94.0
gPO_sFM_cAll_d11_mPO1_ch09,gPO,sFM,cAll,d11,mPO1,ch09,90,[ 70. 100.  74. 105. 136. 115. 113.],[118.  85.  92.  98.  91.  90.  97.],101.86,95.86,98.85714285714286,70.0,85.0,70.0,105.0,92.0,97.5
gBR_sBM_cAll_d06_mBR4_ch06,gBR,sBM,cAll,d06,mBR4,ch06,120,[ 70. 124.],[98. 93.],97.0,95.5,96.25,70.0,93.0,70.0,97.0,95.5,95.5
gKR_sFM_cAll_d30_mKR3_ch21,gKR,sFM,cAll,d30,mKR3,ch21,110,[ 85.  99.  97. 117. 117.],[126. 126. 136.  90.  99.],103.0,115.4,109.2,117.0,126.0,99.0,99.0,126.0,108.0
gLO_sBM_cAll_d15_mLO2_ch04,gLO,sBM,cAll,d15,mLO2,ch04,100,[115.  96.],[84. 93.],105.5,88.5,97.0,96.0,84.0,84.0,105.5,88.5,94.5
gHO_sBM_cAll_d20_mHO1_ch02,gHO,sBM,cAll,d20,mHO1,ch02,115,[121. 115.],[110. 114.],118.0,112.0,115.0,115.0,110.0,110.0,118.0,112.0,114.5
gWA_sBM_cAll_d25_mWA0_ch07,gWA,sBM,cAll,d25,mWA0,ch07,80,[111. 143.],[144. 118.],127.0,131.0,129.0,111.0,118.0,111.0,127.0,131.0,130.5
gLO_sBM_cAll_d15_mLO3_ch02,gLO,sBM,cAll,d15,mLO3,ch02,110,[ 96. 144.],[126. 117.],120.0,121.5,120.75,96.0,117.0,96.0,120.0,121.5,121.5
gHO_sBM_cAll_d19_mHO2_ch07,gHO,sBM,cAll,d19,mHO2,ch07,120,[ 70. 119.],[127. 117.],94.5,122.0,108.25,70.0,117.0,70.0,94.5,122.0,118.0
gLO_sBM_cAll_d14_mLO0_ch07,gLO,sBM,cAll,d14,mLO0,ch07,80,[121.  81.],[133. 144.],101.0,138.5,119.75,81.0,133.0,81.0,101.0,138.5,127.0
gMH_sBM_cAll_d24_mMH5_ch09,gMH,sBM,cAll,d24,mMH5,ch09,130,[130. 130.],[128. 130.],130.0,129.0,129.5,130.0,128.0,130.0,130.0,129.0,130.0
gPO_sBM_cAll_d11_mPO0_ch02,gPO,sBM,cAll,d11,mPO0,ch02,80,[ 71. 102.],[90. 81.],86.5,85.5,86.0,71.0,81.0,71.0,86.5,85.5,85.5
gBR_sBM_cAll_d06_mBR5_ch03,gBR,sBM,cAll,d06,mBR5,ch03,130,[133. 139.],[132. 129.],136.0,130.5,133.25,133.0,129.0,129.0,136.0,130.5,132.5
gKR_sBM_cAll_d28_mKR3_ch07,gKR,sBM,cAll,d28,mKR3,ch07,110,[144. 112.],[110. 105.],128.0,107.5,117.75,112.0,105.0,105.0,128.0,107.5,111.0
gLH_sBM_cAll_d18_mLH4_ch04,gLH,sBM,cAll,d18,mLH4,ch04,120,[ 78. 101.],[113.  99.],89.5,106.0,97.75,78.0,99.0,78.0,89.5,106.0,100.0
gJS_sBM_cAll_d02_mJS1_ch01,gJS,sBM,cAll,d02,mJS1,ch01,90,[73. 87.],[94. 79.],80.0,86.5,83.25,73.0,79.0,73.0,80.0,86.5,83.0
gHO_sBM_cAll_d21_mHO4_ch08,gHO,sBM,cAll,d21,mHO4,ch08,130,[94. 97.],[128. 128.],95.5,128.0,111.75,94.0,128.0,128.0,95.5,128.0,112.5
gWA_sBM_cAll_d26_mWA4_ch06,gWA,sBM,cAll,d26,mWA4,ch06,120,[124.  75.],[ 95. 129.],99.5,112.0,105.75,75.0,95.0,75.0,99.5,112.0,109.5
gHO_sBM_cAll_d21_mHO2_ch10,gHO,sBM,cAll,d21,mHO2,ch10,120,[127. 142.],[117. 119.],134.5,118.0,126.25,127.0,117.0,117.0,134.5,118.0,123.0
gKR_sBM_cAll_d30_mKR3_ch02,gKR,sBM,cAll,d30,mKR3,ch02,110,[70. 98.],[111.  73.],84.0,92.0,88.0,70.0,73.0,70.0,84.0,92.0,85.5
gBR_sBM_cAll_d06_mBR5_ch09,gBR,sBM,cAll,d06,mBR5,ch09,130,[ 70. 124.],[70. 73.],97.0,71.5,84.25,70.0,70.0,70.0,97.0,71.5,71.5
gWA_sBM_cAll_d27_mWA5_ch05,gWA,sBM,cAll,d27,mWA5,ch05,130,[143. 112.],[ 89. 121.],127.5,105.0,116.25,112.0,89.0,89.0,127.5,105.0,116.5
gPO_sBM_cAll_d12_mPO5_ch09,gPO,sBM,cAll,d12,mPO5,ch09,130,[126.  89.],[120. 116.],107.5,118.0,112.75,89.0,116.0,89.0,107.5,118.0,118.0
gHO_sFM_cAll_d19_mHO5_ch06,gHO,sFM,cAll,d19,mHO5,ch06,135,[139.  91.  84.  85. 108.],[137. 132.  99.  81. 104.],101.4,110.6,106.0,84.0,81.0,81.0,91.0,104.0,101.5
gJB_sBM_cAll_d09_mJB4_ch06,gJB,sBM,cAll,d09,mJB4,ch06,120,[107. 105.],[ 71. 103.],106.0,87.0,96.5,105.0,71.0,71.0,106.0,87.0,104.0
gLO_sBM_cAll_d13_mLO0_ch01,gLO,sBM,cAll,d13,mLO0,ch01,80,[107.  99.],[122.  98.],103.0,110.0,106.5,99.0,98.0,98.0,103.0,110.0,103.0
gMH_sBM_cAll_d24_mMH4_ch07,gMH,sBM,cAll,d24,mMH4,ch07,120,[135. 122.],[122. 115.],128.5,118.5,123.5,122.0,115.0,122.0,128.5,118.5,122.0
gBR_sBM_cAll_d04_mBR2_ch04,gBR,sBM,cAll,d04,mBR2,ch04,100,[101. 102.],[103. 102.],101.5,102.5,102.0,101.0,102.0,102.0,101.5,102.5,102.0
gJS_sBM_cAll_d02_mJS5_ch04,gJS,sBM,cAll,d02,mJS5,ch04,130,[97. 70.],[84. 77.],83.5,80.5,82.0,70.0,77.0,70.0,83.5,80.5,80.5
gBR_sBM_cAll_d06_mBR3_ch05,gBR,sBM,cAll,d06,mBR3,ch05,110,[84. 83.],[107. 115.],83.5,111.0,97.25,83.0,107.0,83.0,83.5,111.0,95.5
gLO_sBM_cAll_d13_mLO1_ch03,gLO,sBM,cAll,d13,mLO1,ch03,90,[ 89. 127.],[111. 144.],108.0,127.5,117.75,89.0,111.0,89.0,108.0,127.5,119.0
gJS_sBM_cAll_d01_mJS0_ch06,gJS,sBM,cAll,d01,mJS0,ch06,80,[144. 104.],[117.  83.],124.0,100.0,112.0,104.0,83.0,83.0,124.0,100.0,110.5
gKR_sBM_cAll_d30_mKR5_ch10,gKR,sBM,cAll,d30,mKR5,ch10,130,[ 84. 144.],[123.  70.],114.0,96.5,105.25,84.0,70.0,70.0,114.0,96.5,103.5
gMH_sBM_cAll_d24_mMH4_ch10,gMH,sBM,cAll,d24,mMH4,ch10,120,[129. 121.],[121. 119.],125.0,120.0,122.5,121.0,119.0,121.0,125.0,120.0,121.0
gWA_sBM_cAll_d25_mWA3_ch04,gWA,sBM,cAll,d25,mWA3,ch04,110,[127. 111.],[119. 106.],119.0,112.5,115.75,111.0,106.0,106.0,119.0,112.5,115.0
gJS_sBM_cAll_d01_mJS2_ch02,gJS,sBM,cAll,d01,mJS2,ch02,100,[128. 127.],[99. 99.],127.5,99.0,113.25,127.0,99.0,99.0,127.5,99.0,113.0
gHO_sBM_cAll_d20_mHO1_ch01,gHO,sBM,cAll,d20,mHO1,ch01,115,[144. 144.],[115. 115.],144.0,115.0,129.5,144.0,115.0,115.0,144.0,115.0,129.5
gLH_sBM_cAll_d18_mLH3_ch08,gLH,sBM,cAll,d18,mLH3,ch08,110,[140.  70.],[127. 142.],105.0,134.5,119.75,70.0,127.0,70.0,105.0,134.5,133.5
gWA_sBM_cAll_d26_mWA0_ch05,gWA,sBM,cAll,d26,mWA0,ch05,80,[ 83. 121.],[ 76. 110.],102.0,93.0,97.5,83.0,76.0,76.0,102.0,93.0,96.5
gPO_sBM_cAll_d12_mPO3_ch10,gPO,sBM,cAll,d12,mPO3,ch10,110,[100. 121.],[105.  92.],110.5,98.5,104.5,100.0,92.0,92.0,110.5,98.5,102.5
gMH_sBM_cAll_d23_mMH0_ch10,gMH,sBM,cAll,d23,mMH0,ch10,80,[85. 80.],[82. 80.],82.5,81.0,81.75,80.0,80.0,80.0,82.5,81.0,81.0
gMH_sBM_cAll_d23_mMH1_ch09,gMH,sBM,cAll,d23,mMH1,ch09,90,[123. 144.],[95. 90.],133.5,92.5,113.0,123.0,90.0,90.0,133.5,92.5,109.0
gWA_sBM_cAll_d27_mWA4_ch06,gWA,sBM,cAll,d27,mWA4,ch06,120,[120. 132.],[120. 144.],126.0,132.0,129.0,120.0,120.0,120.0,126.0,132.0,126.0
gWA_sFM_cAll_d25_mWA2_ch03,gWA,sFM,cAll,d25,mWA2,ch03,100,[141. 100.  93.  82. 133. 124.],[140.  77. 127. 112.  85.  76.],112.17,102.83,107.5,82.0,76.0,76.0,112.0,98.5,106.0
gWA_sBM_cAll_d26_mWA0_ch10,gWA,sBM,cAll,d26,mWA0,ch10,80,[106.  76.],[105. 100.],91.0,102.5,96.75,76.0,100.0,76.0,91.0,102.5,102.5
gWA_sFM_cAll_d27_mWA3_ch18,gWA,sFM,cAll,d27,mWA3,ch18,110,[144. 144. 144. 144.  99.],[111.  86.  97. 109.  85.],135.0,97.6,116.3,144.0,85.0,144.0,144.0,97.0,110.0
gPO_sBM_cAll_d12_mPO3_ch01,gPO,sBM,cAll,d12,mPO3,ch01,110,[141. 113.],[108. 112.],127.0,110.0,118.5,113.0,108.0,108.0,127.0,110.0,112.5
gMH_sFM_cAll_d24_mMH2_ch17,gMH,sFM,cAll,d24,mMH2,ch17,100,[ 79.  93. 103. 101.  92. 138.],[113.  96. 103.  93.  81.  78.],101.0,94.0,97.5,79.0,78.0,93.0,97.0,94.5,94.5
gWA_sBM_cAll_d27_mWA3_ch09,gWA,sBM,cAll,d27,mWA3,ch09,110,[72. 76.],[144. 100.],74.0,122.0,98.0,72.0,100.0,72.0,74.0,122.0,88.0
gJB_sFM_cAll_d08_mJB5_ch13,gJB,sFM,cAll,d08,mJB5,ch13,130,[ 71. 128.  80. 122. 123.],[109.  80. 120.  70. 126.],104.8,101.0,102.9,71.0,70.0,80.0,122.0,109.0,114.5
gLO_sBM_cAll_d15_mLO2_ch09,gLO,sBM,cAll,d15,mLO2,ch09,100,[ 72. 123.],[ 98. 119.],97.5,108.5,103.0,72.0,98.0,72.0,97.5,108.5,108.5
gPO_sBM_cAll_d12_mPO3_ch05,gPO,sBM,cAll,d12,mPO3,ch05,110,[94. 79.],[138. 112.],86.5,125.0,105.75,79.0,112.0,79.0,86.5,125.0,103.0
gJB_sBM_cAll_d09_mJB2_ch07,gJB,sBM,cAll,d09,mJB2,ch07,100,[105.  98.],[112.  86.],101.5,99.0,100.25,98.0,86.0,86.0,101.5,99.0,101.5
gLO_sFM_cAll_d13_mLO5_ch06,gLO,sFM,cAll,d13,mLO5,ch06,130,[103. 131.  88. 115. 100.],[123. 127. 110.  98. 104.],107.4,112.4,109.9,88.0,98.0,88.0,103.0,110.0,107.0
gWA_sBM_cAll_d25_mWA0_ch02,gWA,sBM,cAll,d25,mWA0,ch02,80,[ 88. 118.],[121. 114.],103.0,117.5,110.25,88.0,114.0,88.0,103.0,117.5,116.0
gBR_sBM_cAll_d05_mBR0_ch04,gBR,sBM,cAll,d05,mBR0,ch04,80,[ 99. 140.],[84. 79.],119.5,81.5,100.5,99.0,79.0,79.0,119.5,81.5,91.5
gMH_sBM_cAll_d22_mMH3_ch02,gMH,sBM,cAll,d22,mMH3,ch02,110,[142.  95.],[85. 86.],118.5,85.5,102.0,95.0,85.0,85.0,118.5,85.5,90.5
gJB_sBM_cAll_d07_mJB0_ch02,gJB,sBM,cAll,d07,mJB0,ch02,80,[144. 108.],[ 96. 108.],126.0,102.0,114.0,108.0,96.0,108.0,126.0,102.0,108.0
gWA_sBM_cAll_d27_mWA5_ch03,gWA,sBM,cAll,d27,mWA5,ch03,130,[110. 105.],[133.  76.],107.5,104.5,106.0,105.0,76.0,76.0,107.5,104.5,107.5
gKR_sBM_cAll_d30_mKR2_ch06,gKR,sBM,cAll,d30,mKR2,ch06,100,[117.  98.],[103. 101.],107.5,102.0,104.75,98.0,101.0,98.0,107.5,102.0,102.0
gJS_sBM_cAll_d02_mJS1_ch04,gJS,sBM,cAll,d02,mJS1,ch04,90,[91. 80.],[72. 82.],85.5,77.0,81.25,80.0,72.0,72.0,85.5,77.0,81.0
gBR_sFM_cAll_d05_mBR1_ch08,gBR,sFM,cAll,d05,mBR1,ch08,90,[ 70.  78.  83.  97.  92.  96. 139.],[ 93. 104.  95.  96.  90.  92. 141.],93.57,101.57,97.57142857142857,70.0,90.0,92.0,92.0,95.0,94.0
gJS_sBM_cAll_d03_mJS4_ch05,gJS,sBM,cAll,d03,mJS4,ch05,120,[114.  97.],[86. 76.],105.5,81.0,93.25,97.0,76.0,76.0,105.5,81.0,91.5
gWA_sFM_cAll_d26_mWA0_ch08,gWA,sFM,cAll,d26,mWA0,ch08,80,[141.  93.  89. 123. 121. 113. 129.],[114. 124.  91. 102.  94. 110. 115.],115.57,107.14,111.35714285714286,89.0,91.0,89.0,121.0,110.0,113.5
gKR_sBM_cAll_d30_mKR5_ch05,gKR,sBM,cAll,d30,mKR5,ch05,130,[114. 119.],[136. 133.],116.5,134.5,125.5,114.0,133.0,114.0,116.5,134.5,126.0
gPO_sFM_cAll_d10_mPO0_ch01,gPO,sFM,cAll,d10,mPO0,ch01,80,[109.  91.  74.  93.  94. 140.  91.],[114.  98.  85.  96.  92.  92.  80.],98.86,93.86,96.35714285714286,91.0,92.0,91.0,93.0,92.0,92.5
gMH_sFM_cAll_d22_mMH0_ch01,gMH,sFM,cAll,d22,mMH0,ch01,80,[ 92. 137.  80.  87. 144.  72.  88.],[ 84.  78. 133.  88.  83. 118.  78.],100.0,94.57,97.28571428571429,72.0,78.0,78.0,88.0,84.0,87.5
gMH_sBM_cAll_d23_mMH4_ch09,gMH,sBM,cAll,d23,mMH4,ch09,120,[120.  76.],[120. 118.],98.0,119.0,108.5,76.0,118.0,120.0,98.0,119.0,119.0
gKR_sBM_cAll_d28_mKR2_ch07,gKR,sBM,cAll,d28,mKR2,ch07,100,[129. 103.],[ 84. 123.],116.0,103.5,109.75,103.0,84.0,84.0,116.0,103.5,113.0
gMH_sFM_cAll_d24_mMH4_ch19,gMH,sFM,cAll,d24,mMH4,ch19,120,[ 90.  89. 133. 118.  94.],[121. 112.  85. 135. 102.],104.8,111.0,107.9,89.0,85.0,85.0,94.0,112.0,107.0
gLO_sFM_cAll_d13_mLO4_ch07,gLO,sFM,cAll,d13,mLO4,ch07,120,[ 83. 113. 144.  98. 117.],[126. 111.  98. 125.  89.],111.0,109.8,110.4,83.0,89.0,98.0,113.0,111.0,112.0
gWA_sBM_cAll_d25_mWA3_ch03,gWA,sBM,cAll,d25,mWA3,ch03,110,[144.  84.],[123. 100.],114.0,111.5,112.75,84.0,100.0,84.0,114.0,111.5,111.5
gMH_sBM_cAll_d23_mMH0_ch01,gMH,sBM,cAll,d23,mMH0,ch01,80,[88. 79.],[86. 81.],83.5,83.5,83.5,79.0,81.0,79.0,83.5,83.5,83.5
gJS_sBM_cAll_d03_mJS2_ch08,gJS,sBM,cAll,d03,mJS2,ch08,100,[137. 119.],[ 99. 101.],128.0,100.0,114.0,119.0,99.0,99.0,128.0,100.0,110.0
gLH_sBM_cAll_d17_mLH4_ch09,gLH,sBM,cAll,d17,mLH4,ch09,120,[ 72. 140.],[125.  94.],106.0,109.5,107.75,72.0,94.0,72.0,106.0,109.5,109.5
gPO_sBM_cAll_d10_mPO2_ch07,gPO,sBM,cAll,d10,mPO2,ch07,100,[101.  99.],[100.  86.],100.0,93.0,96.5,99.0,86.0,86.0,100.0,93.0,99.5
gBR_sBM_cAll_d05_mBR4_ch03,gBR,sBM,cAll,d05,mBR4,ch03,120,[119. 121.],[120. 120.],120.0,120.0,120.0,119.0,120.0,120.0,120.0,120.0,120.0
gPO_sBM_cAll_d10_mPO1_ch10,gPO,sBM,cAll,d10,mPO1,ch10,90,[ 76. 121.],[116. 144.],98.5,130.0,114.25,76.0,116.0,76.0,98.5,130.0,118.5
gWA_sBM_cAll_d26_mWA5_ch08,gWA,sBM,cAll,d26,mWA5,ch08,130,[130. 135.],[131. 128.],132.5,129.5,131.0,130.0,128.0,128.0,132.5,129.5,130.5
gLH_sBM_cAll_d16_mLH0_ch04,gLH,sBM,cAll,d16,mLH0,ch04,80,[ 70. 142.],[144.  80.],106.0,112.0,109.0,70.0,80.0,70.0,106.0,112.0,111.0
gJB_sBM_cAll_d09_mJB3_ch08,gJB,sBM,cAll,d09,mJB3,ch08,110,[118. 115.],[109. 110.],116.5,109.5,113.0,115.0,109.0,109.0,116.5,109.5,112.5
gLH_sBM_cAll_d17_mLH4_ch10,gLH,sBM,cAll,d17,mLH4,ch10,120,[129.  84.],[89. 97.],106.5,93.0,99.75,84.0,89.0,84.0,106.5,93.0,93.0
gJB_sBM_cAll_d07_mJB3_ch09,gJB,sBM,cAll,d07,mJB3,ch09,110,[143. 100.],[77. 95.],121.5,86.0,103.75,100.0,77.0,77.0,121.5,86.0,97.5
gPO_sBM_cAll_d11_mPO5_ch03,gPO,sBM,cAll,d11,mPO5,ch03,130,[129. 129.],[124. 125.],129.0,124.5,126.75,129.0,124.0,129.0,129.0,124.5,127.0
gHO_sBM_cAll_d20_mHO4_ch08,gHO,sBM,cAll,d20,mHO4,ch08,130,[133. 129.],[ 80. 126.],131.0,103.0,117.0,129.0,80.0,80.0,131.0,103.0,127.5
gWA_sBM_cAll_d27_mWA3_ch03,gWA,sBM,cAll,d27,mWA3,ch03,110,[ 93. 101.],[111. 133.],97.0,122.0,109.5,93.0,111.0,93.0,97.0,122.0,106.0
gHO_sBM_cAll_d19_mHO2_ch06,gHO,sBM,cAll,d19,mHO2,ch06,120,[124. 119.],[116. 121.],121.5,118.5,120.0,119.0,116.0,116.0,121.5,118.5,120.0
gPO_sBM_cAll_d10_mPO0_ch09,gPO,sBM,cAll,d10,mPO0,ch09,80,[83. 78.],[ 83. 119.],80.5,101.0,90.75,78.0,83.0,83.0,80.5,101.0,83.0
gMH_sBM_cAll_d24_mMH5_ch06,gMH,sBM,cAll,d24,mMH5,ch06,130,[91. 85.],[136. 127.],88.0,131.5,109.75,85.0,127.0,85.0,88.0,131.5,109.0
gJS_sBM_cAll_d01_mJS2_ch05,gJS,sBM,cAll,d01,mJS2,ch05,100,[109.  90.],[ 90. 141.],99.5,115.5,107.5,90.0,90.0,90.0,99.5,115.5,99.5
gLH_sFM_cAll_d18_mLH4_ch19,gLH,sFM,cAll,d18,mLH4,ch19,120,[129.  80. 107. 125. 107.],[ 95. 122.  90. 119. 118.],109.6,108.8,109.2,107.0,90.0,107.0,107.0,118.0,112.5
gMH_sBM_cAll_d24_mMH3_ch06,gMH,sBM,cAll,d24,mMH3,ch06,110,[85. 71.],[112. 112.],78.0,112.0,95.0,71.0,112.0,112.0,78.0,112.0,98.5
gKR_sBM_cAll_d29_mKR1_ch01,gKR,sBM,cAll,d29,mKR1,ch01,90,[109. 130.],[73. 91.],119.5,82.0,100.75,109.0,73.0,73.0,119.5,82.0,100.0
gKR_sBM_cAll_d28_mKR1_ch02,gKR,sBM,cAll,d28,mKR1,ch02,90,[133. 136.],[91. 88.],134.5,89.5,112.0,133.0,88.0,88.0,134.5,89.5,112.0
gJB_sBM_cAll_d08_mJB5_ch07,gJB,sBM,cAll,d08,mJB5,ch07,130,[127. 124.],[86. 70.],125.5,78.0,101.75,124.0,70.0,70.0,125.5,78.0,105.0
gKR_sBM_cAll_d30_mKR5_ch09,gKR,sBM,cAll,d30,mKR5,ch09,130,[104. 137.],[134. 138.],120.5,136.0,128.25,104.0,134.0,104.0,120.5,136.0,135.5
gMH_sBM_cAll_d22_mMH2_ch09,gMH,sBM,cAll,d22,mMH2,ch09,100,[135. 136.],[ 96. 100.],135.5,98.0,116.75,135.0,96.0,96.0,135.5,98.0,117.5
gLO_sBM_cAll_d14_mLO0_ch09,gLO,sBM,cAll,d14,mLO0,ch09,80,[144. 109.],[ 86. 105.],126.5,95.5,111.0,109.0,86.0,86.0,126.5,95.5,107.0
gKR_sFM_cAll_d29_mKR5_ch14,gKR,sFM,cAll,d29,mKR5,ch14,130,[121. 129. 128. 142.  96.],[144.  96.  91. 144. 139.],123.2,122.8,123.0,96.0,144.0,96.0,128.0,139.0,128.5
gMH_sBM_cAll_d23_mMH4_ch04,gMH,sBM,cAll,d23,mMH4,ch04,120,[126.  70.],[ 96. 119.],98.0,107.5,102.75,70.0,96.0,70.0,98.0,107.5,107.5
gHO_sFM_cAll_d19_mHO2_ch03,gHO,sFM,cAll,d19,mHO2,ch03,120,[123. 123. 119. 122.  98.],[117. 123. 118. 124. 120.],117.0,120.4,118.7,123.0,117.0,123.0,122.0,120.0,121.0
gWA_sFM_cAll_d27_mWA2_ch21,gWA,sFM,cAll,d27,mWA2,ch21,100,[117. 125. 106. 118. 101. 111.],[127. 130. 139. 133. 142.  93.],113.0,127.33,120.16666666666667,101.0,93.0,93.0,114.0,131.5,121.5
gHO_sBM_cAll_d21_mHO4_ch10,gHO,sBM,cAll,d21,mHO4,ch10,130,[127.  70.],[131. 127.],98.5,129.0,113.75,70.0,127.0,127.0,98.5,129.0,127.0
gLO_sBM_cAll_d13_mLO2_ch05,gLO,sBM,cAll,d13,mLO2,ch05,100,[104. 100.],[106. 100.],102.0,103.0,102.5,100.0,100.0,100.0,102.0,103.0,102.0
gJS_sBM_cAll_d01_mJS3_ch08,gJS,sBM,cAll,d01,mJS3,ch08,110,[144. 138.],[112. 118.],141.0,115.0,128.0,138.0,112.0,112.0,141.0,115.0,128.0
gBR_sBM_cAll_d04_mBR2_ch03,gBR,sBM,cAll,d04,mBR2,ch03,100,[101. 101.],[100.  99.],101.0,99.5,100.25,101.0,99.0,101.0,101.0,99.5,100.5
gJS_sBM_cAll_d03_mJS3_ch01,gJS,sBM,cAll,d03,mJS3,ch01,110,[144.  82.],[119. 131.],113.0,125.0,119.0,82.0,119.0,82.0,113.0,125.0,125.0
gWA_sBM_cAll_d25_mWA3_ch01,gWA,sBM,cAll,d25,mWA3,ch01,110,[ 81. 118.],[110. 113.],99.5,111.5,105.5,81.0,110.0,81.0,99.5,111.5,111.5
gKR_sBM_cAll_d29_mKR0_ch09,gKR,sBM,cAll,d29,mKR0,ch09,80,[100. 106.],[ 83. 111.],103.0,97.0,100.0,100.0,83.0,83.0,103.0,97.0,103.0
gLO_sBM_cAll_d14_mLO4_ch07,gLO,sBM,cAll,d14,mLO4,ch07,120,[102.  91.],[112. 123.],96.5,117.5,107.0,91.0,112.0,91.0,96.5,117.5,107.0
gJS_sBM_cAll_d02_mJS0_ch03,gJS,sBM,cAll,d02,mJS0,ch03,80,[ 93. 144.],[105.  89.],118.5,97.0,107.75,93.0,89.0,89.0,118.5,97.0,99.0
gBR_sBM_cAll_d05_mBR5_ch06,gBR,sBM,cAll,d05,mBR5,ch06,130,[ 70. 132.],[138.  71.],101.0,104.5,102.75,70.0,71.0,70.0,101.0,104.5,101.5
gLH_sBM_cAll_d17_mLH1_ch07,gLH,sBM,cAll,d17,mLH1,ch07,90,[102. 115.],[ 85. 106.],108.5,95.5,102.0,102.0,85.0,85.0,108.5,95.5,104.0
gLO_sBM_cAll_d14_mLO1_ch10,gLO,sBM,cAll,d14,mLO1,ch10,90,[129. 115.],[128. 133.],122.0,130.5,126.25,115.0,128.0,115.0,122.0,130.5,128.5
gLO_sBM_cAll_d14_mLO1_ch05,gLO,sBM,cAll,d14,mLO1,ch05,90,[120. 130.],[113. 128.],125.0,120.5,122.75,120.0,113.0,113.0,125.0,120.5,124.0
gWA_sBM_cAll_d27_mWA5_ch09,gWA,sBM,cAll,d27,mWA5,ch09,130,[109.  83.],[95. 97.],96.0,96.0,96.0,83.0,95.0,83.0,96.0,96.0,96.0
gJS_sBM_cAll_d01_mJS1_ch08,gJS,sBM,cAll,d01,mJS1,ch08,90,[134.  70.],[88. 90.],102.0,89.0,95.5,70.0,88.0,70.0,102.0,89.0,89.0
gLO_sFM_cAll_d15_mLO4_ch19,gLO,sFM,cAll,d15,mLO4,ch19,120,[ 96. 116. 134. 102. 118.],[103. 126. 144. 122. 135.],113.2,126.0,119.6,96.0,103.0,96.0,116.0,126.0,120.0
gWA_sBM_cAll_d27_mWA2_ch10,gWA,sBM,cAll,d27,mWA2,ch10,100,[ 85. 104.],[100. 111.],94.5,105.5,100.0,85.0,100.0,85.0,94.5,105.5,102.0
gHO_sBM_cAll_d19_mHO0_ch06,gHO,sBM,cAll,d19,mHO0,ch06,110,[144. 111.],[110. 110.],127.5,110.0,118.75,111.0,110.0,110.0,127.5,110.0,110.5
gPO_sFM_cAll_d12_mPO3_ch18,gPO,sFM,cAll,d12,mPO3,ch18,110,[ 98.  89. 112. 111. 138.],[115.  84. 140. 114.  88.],109.6,108.2,108.9,89.0,84.0,84.0,111.0,114.0,111.5
gJB_sBM_cAll_d07_mJB3_ch05,gJB,sBM,cAll,d07,mJB3,ch05,110,[106.  70.],[105. 109.],88.0,107.0,97.5,70.0,105.0,70.0,88.0,107.0,105.5
gJS_sBM_cAll_d02_mJS0_ch07,gJS,sBM,cAll,d02,mJS0,ch07,80,[114.  99.],[117.  94.],106.5,105.5,106.0,99.0,94.0,94.0,106.5,105.5,106.5
gJB_sBM_cAll_d07_mJB1_ch09,gJB,sBM,cAll,d07,mJB1,ch09,90,[103. 134.],[144.  94.],118.5,119.0,118.75,103.0,94.0,94.0,118.5,119.0,118.5
gJS_sBM_cAll_d03_mJS5_ch08,gJS,sBM,cAll,d03,mJS5,ch08,130,[70. 70.],[128. 143.],70.0,135.5,102.75,70.0,128.0,70.0,70.0,135.5,99.0
gKR_sBM_cAll_d29_mKR0_ch10,gKR,sBM,cAll,d29,mKR0,ch10,80,[113. 114.],[80. 83.],113.5,81.5,97.5,113.0,80.0,80.0,113.5,81.5,98.0
gPO_sBM_cAll_d10_mPO0_ch04,gPO,sBM,cAll,d10,mPO0,ch04,80,[ 84. 142.],[118. 140.],113.0,129.0,121.0,84.0,118.0,84.0,113.0,129.0,129.0
gMH_sBM_cAll_d22_mMH1_ch02,gMH,sBM,cAll,d22,mMH1,ch02,90,[144. 127.],[70. 70.],135.5,70.0,102.75,127.0,70.0,70.0,135.5,70.0,98.5
gKR_sBM_cAll_d29_mKR0_ch03,gKR,sBM,cAll,d29,mKR0,ch03,80,[117.  83.],[117.  84.],100.0,100.5,100.25,83.0,84.0,117.0,100.0,100.5,100.5
gWA_sBM_cAll_d25_mWA1_ch06,gWA,sBM,cAll,d25,mWA1,ch06,90,[90. 76.],[87. 74.],83.0,80.5,81.75,76.0,74.0,74.0,83.0,80.5,81.5
gBR_sBM_cAll_d06_mBR4_ch01,gBR,sBM,cAll,d06,mBR4,ch01,120,[118. 112.],[123. 113.],115.0,118.0,116.5,112.0,113.0,112.0,115.0,118.0,115.5
gKR_sBM_cAll_d30_mKR3_ch10,gKR,sBM,cAll,d30,mKR3,ch10,110,[105. 144.],[120.  76.],124.5,98.0,111.25,105.0,76.0,76.0,124.5,98.0,112.5
gHO_sBM_cAll_d21_mHO2_ch07,gHO,sBM,cAll,d21,mHO2,ch07,120,[124. 125.],[119. 120.],124.5,119.5,122.0,124.0,119.0,119.0,124.5,119.5,122.0
gMH_sBM_cAll_d23_mMH1_ch07,gMH,sBM,cAll,d23,mMH1,ch07,90,[97. 90.],[94. 91.],93.5,92.5,93.0,90.0,91.0,90.0,93.5,92.5,92.5
gWA_sBM_cAll_d25_mWA2_ch06,gWA,sBM,cAll,d25,mWA2,ch06,100,[102.  79.],[ 99. 101.],90.5,100.0,95.25,79.0,99.0,79.0,90.5,100.0,100.0
gJB_sBM_cAll_d09_mJB3_ch06,gJB,sBM,cAll,d09,mJB3,ch06,110,[ 89. 118.],[100.  94.],103.5,97.0,100.25,89.0,94.0,89.0,103.5,97.0,97.0
gWA_sBM_cAll_d26_mWA0_ch07,gWA,sBM,cAll,d26,mWA0,ch07,80,[ 77. 119.],[ 94. 103.],98.0,98.5,98.25,77.0,94.0,77.0,98.0,98.5,98.5
gLH_sBM_cAll_d16_mLH2_ch09,gLH,sBM,cAll,d16,mLH2,ch09,100,[ 79. 101.],[ 89. 106.],90.0,97.5,93.75,79.0,89.0,79.0,90.0,97.5,95.0
gWA_sFM_cAll_d25_mWA4_ch05,gWA,sFM,cAll,d25,mWA4,ch05,120,[121. 114. 104. 130. 142.],[ 86.  78. 141. 117. 134.],122.2,111.2,116.7,104.0,78.0,78.0,121.0,117.0,119.0
gLH_sBM_cAll_d17_mLH0_ch01,gLH,sBM,cAll,d17,mLH0,ch01,80,[82. 82.],[85. 81.],82.0,83.0,82.5,82.0,81.0,82.0,82.0,83.0,82.0
gBR_sFM_cAll_d05_mBR4_ch13,gBR,sFM,cAll,d05,mBR4,ch13,120,[ 94. 104. 129. 113. 122.],[129. 131. 106. 114. 138.],112.4,123.6,118.0,94.0,106.0,129.0,113.0,129.0,118.0
gPO_sFM_cAll_d11_mPO4_ch12,gPO,sFM,cAll,d11,mPO4,ch12,120,[129. 107.  75.  86.  94.],[121. 123.  94. 129. 133.],98.2,120.0,109.1,75.0,94.0,94.0,94.0,123.0,114.0
gPO_sBM_cAll_d12_mPO4_ch03,gPO,sBM,cAll,d12,mPO4,ch03,120,[ 73. 140.],[121. 118.],106.5,119.5,113.0,73.0,118.0,73.0,106.5,119.5,119.5
gLH_sBM_cAll_d18_mLH4_ch08,gLH,sBM,cAll,d18,mLH4,ch08,120,[ 70. 118.],[144.  88.],94.0,116.0,105.0,70.0,88.0,70.0,94.0,116.0,103.0
gLO_sFM_cAll_d14_mLO2_ch10,gLO,sFM,cAll,d14,mLO2,ch10,100,[106.  89. 131.  83.  98. 144.],[103. 129. 104. 128.  90. 105.],108.5,109.83,109.16666666666667,83.0,90.0,83.0,102.0,104.5,104.5
gMH_sFM_cAll_d24_mMH0_ch15,gMH,sFM,cAll,d24,mMH0,ch15,80,[ 90.  92. 103. 133.  90.  92.  72.],[ 91.  77. 144. 117. 144.  85.  88.],96.0,106.57,101.28571428571429,90.0,144.0,90.0,92.0,91.0,91.5
gKR_sBM_cAll_d28_mKR2_ch08,gKR,sBM,cAll,d28,mKR2,ch08,100,[144. 144.],[ 99. 100.],144.0,99.5,121.75,144.0,99.0,144.0,144.0,99.5,122.0
gLO_sBM_cAll_d13_mLO2_ch01,gLO,sBM,cAll,d13,mLO2,ch01,100,[ 70. 119.],[101. 111.],94.5,106.0,100.25,70.0,101.0,70.0,94.5,106.0,106.0
gBR_sBM_cAll_d05_mBR1_ch05,gBR,sBM,cAll,d05,mBR1,ch05,90,[112. 100.],[92. 90.],106.0,91.0,98.5,100.0,90.0,90.0,106.0,91.0,96.0
gWA_sBM_cAll_d26_mWA1_ch08,gWA,sBM,cAll,d26,mWA1,ch08,90,[127. 109.],[100.  90.],118.0,95.0,106.5,109.0,90.0,90.0,118.0,95.0,104.5
gLO_sBM_cAll_d14_mLO5_ch01,gLO,sBM,cAll,d14,mLO5,ch01,130,[116. 129.],[72. 70.],122.5,71.0,96.75,116.0,70.0,70.0,122.5,71.0,94.0
gLH_sBM_cAll_d17_mLH1_ch01,gLH,sBM,cAll,d17,mLH1,ch01,90,[125. 110.],[94. 91.],117.5,92.5,105.0,110.0,91.0,91.0,117.5,92.5,102.0
gHO_sBM_cAll_d20_mHO0_ch09,gHO,sBM,cAll,d20,mHO0,ch09,110,[109. 109.],[111. 111.],109.0,111.0,110.0,109.0,111.0,109.0,109.0,111.0,110.0
gMH_sBM_cAll_d22_mMH0_ch06,gMH,sBM,cAll,d22,mMH0,ch06,80,[70. 81.],[80. 80.],75.5,80.0,77.75,70.0,80.0,80.0,75.5,80.0,80.0
gJB_sBM_cAll_d09_mJB2_ch04,gJB,sBM,cAll,d09,mJB2,ch04,100,[70. 99.],[ 70. 103.],84.5,86.5,85.5,70.0,70.0,70.0,84.5,86.5,84.5
gBR_sFM_cAll_d06_mBR3_ch17,gBR,sFM,cAll,d06,mBR3,ch17,110,[116. 127.  77. 110. 125.],[115. 110.  81.  94. 117.],111.0,103.4,107.2,77.0,81.0,110.0,116.0,110.0,112.5
gLO_sBM_cAll_d14_mLO4_ch05,gLO,sBM,cAll,d14,mLO4,ch05,120,[137.  97.],[108.  74.],117.0,91.0,104.0,97.0,74.0,74.0,117.0,91.0,102.5
gMH_sBM_cAll_d23_mMH1_ch02,gMH,sBM,cAll,d23,mMH1,ch02,90,[ 73. 100.],[124. 141.],86.5,132.5,109.5,73.0,124.0,73.0,86.5,132.5,112.0
gLH_sBM_cAll_d18_mLH4_ch01,gLH,sBM,cAll,d18,mLH4,ch01,120,[119. 132.],[74. 70.],125.5,72.0,98.75,119.0,70.0,70.0,125.5,72.0,96.5
gPO_sBM_cAll_d12_mPO2_ch01,gPO,sBM,cAll,d12,mPO2,ch01,100,[91. 99.],[108. 102.],95.0,105.0,100.0,91.0,102.0,91.0,95.0,105.0,100.5
gKR_sFM_cAll_d30_mKR4_ch19,gKR,sFM,cAll,d30,mKR4,ch19,120,[118. 108. 107.  70. 118.],[ 91. 101. 133. 125. 144.],104.2,118.8,111.5,118.0,91.0,118.0,108.0,125.0,113.0
gBR_sBM_cAll_d06_mBR4_ch03,gBR,sBM,cAll,d06,mBR4,ch03,120,[121.  91.],[109.  87.],106.0,98.0,102.0,91.0,87.0,87.0,106.0,98.0,100.0
gMH_sBM_cAll_d23_mMH1_ch05,gMH,sBM,cAll,d23,mMH1,ch05,90,[96. 87.],[92. 90.],91.5,91.0,91.25,87.0,90.0,87.0,91.5,91.0,91.0
gKR_sBM_cAll_d28_mKR1_ch07,gKR,sBM,cAll,d28,mKR1,ch07,90,[127. 124.],[94. 86.],125.5,90.0,107.75,124.0,86.0,86.0,125.5,90.0,109.0
gBR_sBM_cAll_d04_mBR0_ch02,gBR,sBM,cAll,d04,mBR0,ch02,80,[ 99. 119.],[113. 120.],109.0,116.5,112.75,99.0,113.0,99.0,109.0,116.5,116.0
gLO_sBM_cAll_d13_mLO3_ch01,gLO,sBM,cAll,d13,mLO3,ch01,110,[82. 89.],[144. 118.],85.5,131.0,108.25,82.0,118.0,82.0,85.5,131.0,103.5
gMH_sBM_cAll_d23_mMH1_ch06,gMH,sBM,cAll,d23,mMH1,ch06,90,[ 70. 143.],[96. 90.],106.5,93.0,99.75,70.0,90.0,70.0,106.5,93.0,93.0
gLH_sBM_cAll_d17_mLH0_ch07,gLH,sBM,cAll,d17,mLH0,ch07,80,[ 91. 102.],[102.  77.],96.5,89.5,93.0,91.0,77.0,102.0,96.5,89.5,96.5
gMH_sFM_cAll_d22_mMH5_ch06,gMH,sFM,cAll,d22,mMH5,ch06,130,[129. 122. 124. 115. 127.],[125. 113. 126. 127. 126.],123.4,123.4,123.4,115.0,126.0,126.0,124.0,126.0,125.5
gKR_sBM_cAll_d30_mKR4_ch01,gKR,sBM,cAll,d30,mKR4,ch01,120,[125.  97.],[ 74. 114.],111.0,94.0,102.5,97.0,74.0,74.0,111.0,94.0,105.5
gPO_sBM_cAll_d11_mPO5_ch05,gPO,sBM,cAll,d11,mPO5,ch05,130,[112.  93.],[131. 110.],102.5,120.5,111.5,93.0,110.0,93.0,102.5,120.5,111.0
gPO_sBM_cAll_d11_mPO0_ch05,gPO,sBM,cAll,d11,mPO0,ch05,80,[144. 144.],[82. 77.],144.0,79.5,111.75,144.0,77.0,144.0,144.0,79.5,113.0
gJS_sBM_cAll_d01_mJS0_ch07,gJS,sBM,cAll,d01,mJS0,ch07,80,[144.  76.],[138. 117.],110.0,127.5,118.75,76.0,117.0,76.0,110.0,127.5,127.5
gBR_sBM_cAll_d06_mBR2_ch09,gBR,sBM,cAll,d06,mBR2,ch09,100,[144.  99.],[85. 99.],121.5,92.0,106.75,99.0,85.0,99.0,121.5,92.0,99.0
gHO_sBM_cAll_d20_mHO1_ch10,gHO,sBM,cAll,d20,mHO1,ch10,115,[ 86. 144.],[120. 114.],115.0,117.0,116.0,86.0,114.0,86.0,115.0,117.0,117.0
gLO_sBM_cAll_d15_mLO5_ch02,gLO,sBM,cAll,d15,mLO5,ch02,130,[ 78. 129.],[133.  70.],103.5,101.5,102.5,78.0,70.0,70.0,103.5,101.5,103.5
gPO_sBM_cAll_d12_mPO3_ch08,gPO,sBM,cAll,d12,mPO3,ch08,110,[ 70. 134.],[106. 104.],102.0,105.0,103.5,70.0,104.0,70.0,102.0,105.0,105.0
gMH_sBM_cAll_d22_mMH2_ch02,gMH,sBM,cAll,d22,mMH2,ch02,100,[85. 86.],[ 74. 125.],85.5,99.5,92.5,85.0,74.0,74.0,85.5,99.5,85.5
gKR_sBM_cAll_d30_mKR4_ch06,gKR,sBM,cAll,d30,mKR4,ch06,120,[ 92. 109.],[144. 125.],100.5,134.5,117.5,92.0,125.0,92.0,100.5,134.5,117.0
gLH_sFM_cAll_d17_mLH0_ch08,gLH,sFM,cAll,d17,mLH0,ch08,80,[143. 142.  75. 115.  75. 144. 144.],[ 83.  94.  93.  80.  97.  97. 101.],119.71,92.14,105.92857142857143,75.0,97.0,75.0,142.0,94.0,97.0
gWA_sBM_cAll_d26_mWA5_ch10,gWA,sBM,cAll,d26,mWA5,ch10,130,[ 80. 139.],[ 84. 114.],109.5,99.0,104.25,80.0,84.0,80.0,109.5,99.0,99.0
gLO_sFM_cAll_d14_mLO5_ch13,gLO,sFM,cAll,d14,mLO5,ch13,130,[127.  98. 104. 111. 107.],[ 70.  93.  97. 130. 108.],109.4,99.6,104.5,98.0,70.0,70.0,107.0,97.0,105.5
gPO_sBM_cAll_d11_mPO4_ch02,gPO,sBM,cAll,d11,mPO4,ch02,120,[78. 71.],[116. 123.],74.5,119.5,97.0,71.0,116.0,71.0,74.5,119.5,97.0
gWA_sBM_cAll_d25_mWA2_ch10,gWA,sBM,cAll,d25,mWA2,ch10,100,[102. 100.],[ 99. 144.],101.0,121.5,111.25,100.0,99.0,99.0,101.0,121.5,101.0
gMH_sBM_cAll_d24_mMH3_ch04,gMH,sBM,cAll,d24,mMH3,ch04,110,[105. 108.],[106. 111.],106.5,108.5,107.5,105.0,106.0,105.0,106.5,108.5,107.0
gJS_sBM_cAll_d03_mJS5_ch02,gJS,sBM,cAll,d03,mJS5,ch02,130,[125. 115.],[108. 135.],120.0,121.5,120.75,115.0,108.0,108.0,120.0,121.5,120.0
gLH_sBM_cAll_d17_mLH0_ch05,gLH,sBM,cAll,d17,mLH0,ch05,80,[83. 83.],[70. 81.],83.0,75.5,79.25,83.0,70.0,83.0,83.0,75.5,82.0
gJB_sBM_cAll_d07_mJB1_ch10,gJB,sBM,cAll,d07,mJB1,ch10,90,[86. 94.],[110. 144.],90.0,127.0,108.5,86.0,110.0,86.0,90.0,127.0,102.0
gJS_sBM_cAll_d02_mJS5_ch01,gJS,sBM,cAll,d02,mJS5,ch01,130,[70. 76.],[70. 70.],73.0,70.0,71.5,70.0,70.0,70.0,73.0,70.0,70.0
gHO_sFM_cAll_d21_mHO3_ch21,gHO,sFM,cAll,d21,mHO3,ch21,125,[ 91.  87. 135.  81.  91.],[115. 101. 123.  70. 121.],97.0,106.0,101.5,91.0,70.0,91.0,91.0,115.0,96.0
gJB_sBM_cAll_d08_mJB4_ch04,gJB,sBM,cAll,d08,mJB4,ch04,120,[134. 129.],[70. 83.],131.5,76.5,104.0,129.0,70.0,70.0,131.5,76.5,106.0
gLH_sBM_cAll_d18_mLH4_ch09,gLH,sBM,cAll,d18,mLH4,ch09,120,[119.  85.],[123. 116.],102.0,119.5,110.75,85.0,116.0,85.0,102.0,119.5,117.5
gKR_sBM_cAll_d28_mKR3_ch06,gKR,sBM,cAll,d28,mKR3,ch06,110,[106. 110.],[107. 108.],108.0,107.5,107.75,106.0,107.0,106.0,108.0,107.5,107.5
gKR_sBM_cAll_d30_mKR4_ch05,gKR,sBM,cAll,d30,mKR4,ch05,120,[ 91. 139.],[ 90. 135.],115.0,112.5,113.75,91.0,90.0,90.0,115.0,112.5,113.0
gJB_sBM_cAll_d08_mJB1_ch09,gJB,sBM,cAll,d08,mJB1,ch09,90,[144. 117.],[ 80. 143.],130.5,111.5,121.0,117.0,80.0,80.0,130.5,111.5,130.0
gHO_sBM_cAll_d20_mHO4_ch10,gHO,sBM,cAll,d20,mHO4,ch10,130,[81. 77.],[120.  97.],79.0,108.5,93.75,77.0,97.0,77.0,79.0,108.5,89.0
gJB_sBM_cAll_d07_mJB0_ch06,gJB,sBM,cAll,d07,mJB0,ch06,80,[131.  90.],[122.  74.],110.5,98.0,104.25,90.0,74.0,74.0,110.5,98.0,106.0
gLH_sBM_cAll_d16_mLH1_ch09,gLH,sBM,cAll,d16,mLH1,ch09,90,[72. 73.],[94. 85.],72.5,89.5,81.0,72.0,85.0,72.0,72.5,89.5,79.0
gBR_sBM_cAll_d06_mBR5_ch01,gBR,sBM,cAll,d06,mBR5,ch01,130,[101. 113.],[135. 144.],107.0,139.5,123.25,101.0,135.0,101.0,107.0,139.5,124.0
gLO_sFM_cAll_d15_mLO3_ch18,gLO,sFM,cAll,d15,mLO3,ch18,110,[ 87. 144. 109.  89.  83.],[118. 139.  96. 102. 111.],102.4,113.2,107.8,83.0,96.0,83.0,89.0,111.0,105.5
gKR_sBM_cAll_d29_mKR0_ch02,gKR,sBM,cAll,d29,mKR0,ch02,80,[86. 86.],[84. 80.],86.0,82.0,84.0,86.0,80.0,86.0,86.0,82.0,85.0
gHO_sBM_cAll_d21_mHO5_ch05,gHO,sBM,cAll,d21,mHO5,ch05,135,[130. 136.],[128. 132.],133.0,130.0,131.5,130.0,128.0,128.0,133.0,130.0,131.0
gMH_sBM_cAll_d23_mMH4_ch05,gMH,sBM,cAll,d23,mMH4,ch05,120,[117. 122.],[ 80. 116.],119.5,98.0,108.75,117.0,80.0,80.0,119.5,98.0,116.5
gHO_sBM_cAll_d19_mHO1_ch03,gHO,sBM,cAll,d19,mHO1,ch03,115,[79. 87.],[106. 114.],83.0,110.0,96.5,79.0,106.0,79.0,83.0,110.0,96.5
gMH_sBM_cAll_d24_mMH4_ch01,gMH,sBM,cAll,d24,mMH4,ch01,120,[116. 119.],[ 80. 122.],117.5,101.0,109.25,116.0,80.0,80.0,117.5,101.0,117.5
gLO_sBM_cAll_d15_mLO2_ch10,gLO,sBM,cAll,d15,mLO2,ch10,100,[93. 99.],[108. 100.],96.0,104.0,100.0,93.0,100.0,93.0,96.0,104.0,99.5
gMH_sBM_cAll_d23_mMH0_ch07,gMH,sBM,cAll,d23,mMH0,ch07,80,[128. 130.],[90. 80.],129.0,85.0,107.0,128.0,80.0,80.0,129.0,85.0,109.0
gWA_sBM_cAll_d25_mWA1_ch09,gWA,sBM,cAll,d25,mWA1,ch09,90,[107.  91.],[90. 78.],99.0,84.0,91.5,91.0,78.0,78.0,99.0,84.0,90.5
gKR_sBM_cAll_d28_mKR1_ch05,gKR,sBM,cAll,d28,mKR1,ch05,90,[92. 90.],[106.  91.],91.0,98.5,94.75,90.0,91.0,90.0,91.0,98.5,91.5
gLH_sBM_cAll_d16_mLH0_ch08,gLH,sBM,cAll,d16,mLH0,ch08,80,[89. 77.],[131.  70.],83.0,100.5,91.75,77.0,70.0,70.0,83.0,100.5,83.0
gPO_sBM_cAll_d10_mPO3_ch07,gPO,sBM,cAll,d10,mPO3,ch07,110,[117. 109.],[119. 117.],113.0,118.0,115.5,109.0,117.0,117.0,113.0,118.0,117.0
gLH_sFM_cAll_d17_mLH1_ch09,gLH,sFM,cAll,d17,mLH1,ch09,90,[126. 105. 113.  92. 131.  90.  92.],[ 91.  87. 111.  87. 133.  95. 126.],107.0,104.29,105.64285714285714,92.0,87.0,87.0,105.0,95.0,100.0
gBR_sBM_cAll_d06_mBR2_ch02,gBR,sBM,cAll,d06,mBR2,ch02,100,[101. 100.],[144. 144.],100.5,144.0,122.25,100.0,144.0,144.0,100.5,144.0,122.5
gLO_sBM_cAll_d13_mLO2_ch07,gLO,sBM,cAll,d13,mLO2,ch07,100,[144. 124.],[132. 102.],134.0,117.0,125.5,124.0,102.0,102.0,134.0,117.0,128.0
gKR_sFM_cAll_d28_mKR0_ch01,gKR,sFM,cAll,d28,mKR0,ch01,80,[ 75.  98. 127.  99. 111. 115. 124.],[106.  75. 117.  81. 101. 105.  95.],107.0,97.14,102.07142857142857,75.0,75.0,75.0,111.0,101.0,103.0
gLO_sFM_cAll_d14_mLO0_ch08,gLO,sFM,cAll,d14,mLO0,ch08,80,[118.  93. 110.  89. 141. 127. 125.],[ 72. 127. 122. 101.  78.  93. 137.],114.71,104.29,109.5,89.0,72.0,93.0,118.0,101.0,114.0
gKR_sBM_cAll_d30_mKR5_ch04,gKR,sBM,cAll,d30,mKR5,ch04,130,[127. 144.],[70. 70.],135.5,70.0,102.75,127.0,70.0,70.0,135.5,70.0,98.5
gBR_sBM_cAll_d06_mBR2_ch04,gBR,sBM,cAll,d06,mBR2,ch04,100,[137. 127.],[102. 102.],132.0,102.0,117.0,127.0,102.0,102.0,132.0,102.0,114.5
gMH_sBM_cAll_d23_mMH4_ch07,gMH,sBM,cAll,d23,mMH4,ch07,120,[75. 73.],[121. 121.],74.0,121.0,97.5,73.0,121.0,121.0,74.0,121.0,98.0
gLH_sBM_cAll_d18_mLH5_ch03,gLH,sBM,cAll,d18,mLH5,ch03,130,[75. 93.],[ 72. 139.],84.0,105.5,94.75,75.0,72.0,72.0,84.0,105.5,84.0
gKR_sBM_cAll_d29_mKR5_ch10,gKR,sBM,cAll,d29,mKR5,ch10,130,[136. 121.],[96. 91.],128.5,93.5,111.0,121.0,91.0,91.0,128.5,93.5,108.5
gBR_sBM_cAll_d06_mBR2_ch08,gBR,sBM,cAll,d06,mBR2,ch08,100,[128. 129.],[100. 103.],128.5,101.5,115.0,128.0,100.0,100.0,128.5,101.5,115.5
gPO_sBM_cAll_d11_mPO0_ch07,gPO,sBM,cAll,d11,mPO0,ch07,80,[119. 105.],[108.  81.],112.0,94.5,103.25,105.0,81.0,81.0,112.0,94.5,106.5
gWA_sBM_cAll_d26_mWA0_ch08,gWA,sBM,cAll,d26,mWA0,ch08,80,[ 78. 102.],[144. 144.],90.0,144.0,117.0,78.0,144.0,144.0,90.0,144.0,123.0
gPO_sBM_cAll_d12_mPO5_ch05,gPO,sBM,cAll,d12,mPO5,ch05,130,[ 75. 119.],[86. 78.],97.0,82.0,89.5,75.0,78.0,75.0,97.0,82.0,82.0
gJB_sBM_cAll_d07_mJB1_ch05,gJB,sBM,cAll,d07,mJB1,ch05,90,[119.  91.],[133.  71.],105.0,102.0,103.5,91.0,71.0,71.0,105.0,102.0,105.0
gLO_sBM_cAll_d15_mLO5_ch03,gLO,sBM,cAll,d15,mLO5,ch03,130,[101.  78.],[79. 72.],89.5,75.5,82.5,78.0,72.0,72.0,89.5,75.5,78.5
gJB_sBM_cAll_d08_mJB5_ch10,gJB,sBM,cAll,d08,mJB5,ch10,130,[ 71. 110.],[134. 131.],90.5,132.5,111.5,71.0,131.0,71.0,90.5,132.5,120.5
gMH_sBM_cAll_d23_mMH1_ch08,gMH,sBM,cAll,d23,mMH1,ch08,90,[115. 122.],[92. 89.],118.5,90.5,104.5,115.0,89.0,89.0,118.5,90.5,103.5
gMH_sBM_cAll_d24_mMH4_ch06,gMH,sBM,cAll,d24,mMH4,ch06,120,[116.  77.],[124. 119.],96.5,121.5,109.0,77.0,119.0,77.0,96.5,121.5,117.5
gMH_sBM_cAll_d24_mMH3_ch09,gMH,sBM,cAll,d24,mMH3,ch09,110,[108. 110.],[ 94. 106.],109.0,100.0,104.5,108.0,94.0,94.0,109.0,100.0,107.0
gJS_sBM_cAll_d02_mJS4_ch07,gJS,sBM,cAll,d02,mJS4,ch07,120,[ 97. 144.],[ 73. 126.],120.5,99.5,110.0,97.0,73.0,73.0,120.5,99.5,111.5
gPO_sBM_cAll_d12_mPO4_ch10,gPO,sBM,cAll,d12,mPO4,ch10,120,[143. 115.],[144.  95.],129.0,119.5,124.25,115.0,95.0,95.0,129.0,119.5,129.0
gJB_sFM_cAll_d09_mJB5_ch20,gJB,sFM,cAll,d09,mJB5,ch20,130,[ 84. 133.  79. 140. 128.],[ 95.  80. 107. 133. 137.],112.8,110.4,111.6,79.0,80.0,133.0,128.0,107.0,117.5
gJB_sBM_cAll_d08_mJB0_ch08,gJB,sBM,cAll,d08,mJB0,ch08,80,[122. 103.],[ 85. 121.],112.5,103.0,107.75,103.0,85.0,85.0,112.5,103.0,112.0
gBR_sBM_cAll_d04_mBR2_ch06,gBR,sBM,cAll,d04,mBR2,ch06,100,[ 78. 124.],[101.  99.],101.0,100.0,100.5,78.0,99.0,78.0,101.0,100.0,100.0
gMH_sBM_cAll_d24_mMH3_ch02,gMH,sBM,cAll,d24,mMH3,ch02,110,[116.  74.],[ 99. 122.],95.0,110.5,102.75,74.0,99.0,74.0,95.0,110.5,107.5
gLO_sBM_cAll_d15_mLO2_ch06,gLO,sBM,cAll,d15,mLO2,ch06,100,[106. 101.],[73. 76.],103.5,74.5,89.0,101.0,73.0,73.0,103.5,74.5,88.5
gWA_sBM_cAll_d26_mWA4_ch07,gWA,sBM,cAll,d26,mWA4,ch07,120,[ 75. 107.],[99. 95.],91.0,97.0,94.0,75.0,95.0,75.0,91.0,97.0,97.0
gLO_sFM_cAll_d15_mLO1_ch16,gLO,sFM,cAll,d15,mLO1,ch16,90,[113. 109. 104. 116. 102.  92.  93.],[100. 118. 111.  88. 102.  89.  94.],104.14,100.29,102.21428571428571,92.0,88.0,102.0,104.0,100.0,102.0
gPO_sBM_cAll_d11_mPO1_ch07,gPO,sBM,cAll,d11,mPO1,ch07,90,[144. 115.],[96. 91.],129.5,93.5,111.5,115.0,91.0,91.0,129.5,93.5,105.5
gMH_sBM_cAll_d24_mMH2_ch06,gMH,sBM,cAll,d24,mMH2,ch06,100,[80. 70.],[102. 101.],75.0,101.5,88.25,70.0,101.0,70.0,75.0,101.5,90.5
gJB_sBM_cAll_d07_mJB0_ch10,gJB,sBM,cAll,d07,mJB0,ch10,80,[82. 84.],[116. 105.],83.0,110.5,96.75,82.0,105.0,82.0,83.0,110.5,94.5
gPO_sBM_cAll_d10_mPO0_ch05,gPO,sBM,cAll,d10,mPO0,ch05,80,[134. 139.],[122. 111.],136.5,116.5,126.5,134.0,111.0,111.0,136.5,116.5,128.0
gHO_sFM_cAll_d20_mHO2_ch10,gHO,sFM,cAll,d20,mHO2,ch10,120,[129. 129.  70. 130. 118.],[ 99. 129. 126. 106. 118.],115.2,115.6,115.4,129.0,99.0,129.0,129.0,118.0,122.0
gLH_sBM_cAll_d18_mLH2_ch02,gLH,sBM,cAll,d18,mLH2,ch02,100,[ 78. 144.],[99. 70.],111.0,84.5,97.75,78.0,70.0,70.0,111.0,84.5,88.5
gPO_sBM_cAll_d12_mPO3_ch07,gPO,sBM,cAll,d12,mPO3,ch07,110,[75. 80.],[ 93. 114.],77.5,103.5,90.5,75.0,93.0,75.0,77.5,103.5,86.5
gHO_sFM_cAll_d21_mHO3_ch18,gHO,sFM,cAll,d21,mHO3,ch18,125,[119. 102. 107.  94.  88.],[119. 129. 126. 126. 102.],102.0,120.4,111.2,88.0,126.0,102.0,102.0,126.0,113.0
gMH_sBM_cAll_d24_mMH5_ch08,gMH,sBM,cAll,d24,mMH5,ch08,130,[131. 119.],[ 85. 125.],125.0,105.0,115.0,119.0,85.0,85.0,125.0,105.0,122.0
gBR_sBM_cAll_d05_mBR5_ch09,gBR,sBM,cAll,d05,mBR5,ch09,130,[ 70. 128.],[102.  95.],99.0,98.5,98.75,70.0,95.0,70.0,99.0,98.5,98.5
gJB_sBM_cAll_d08_mJB5_ch04,gJB,sBM,cAll,d08,mJB5,ch04,130,[139. 137.],[ 70. 144.],138.0,107.0,122.5,137.0,70.0,70.0,138.0,107.0,138.0
gWA_sBM_cAll_d27_mWA2_ch08,gWA,sBM,cAll,d27,mWA2,ch08,100,[110. 114.],[144. 126.],112.0,135.0,123.5,110.0,126.0,110.0,112.0,135.0,120.0
gMH_sBM_cAll_d24_mMH2_ch04,gMH,sBM,cAll,d24,mMH2,ch04,100,[103.  99.],[99. 99.],101.0,99.0,100.0,99.0,99.0,99.0,101.0,99.0,99.0
gWA_sBM_cAll_d27_mWA3_ch05,gWA,sBM,cAll,d27,mWA3,ch05,110,[70. 75.],[122. 127.],72.5,124.5,98.5,70.0,122.0,70.0,72.5,124.5,98.5
gPO_sBM_cAll_d12_mPO4_ch08,gPO,sBM,cAll,d12,mPO4,ch08,120,[70. 77.],[123. 115.],73.5,119.0,96.25,70.0,115.0,70.0,73.5,119.0,96.0
gKR_sBM_cAll_d30_mKR4_ch08,gKR,sBM,cAll,d30,mKR4,ch08,120,[101.  87.],[90. 90.],94.0,90.0,92.0,87.0,90.0,90.0,94.0,90.0,90.0
gMH_sBM_cAll_d23_mMH0_ch04,gMH,sBM,cAll,d23,mMH0,ch04,80,[139.  77.],[144.  81.],108.0,112.5,110.25,77.0,81.0,77.0,108.0,112.5,110.0
gLH_sBM_cAll_d17_mLH0_ch04,gLH,sBM,cAll,d17,mLH0,ch04,80,[126. 121.],[109. 142.],123.5,125.5,124.5,121.0,109.0,109.0,123.5,125.5,123.5
gJS_sFM_cAll_d02_mJS2_ch03,gJS,sFM,cAll,d02,mJS2,ch03,100,[ 88. 113. 115. 144. 133. 105.],[119.  91.  70.  76.  76. 123.],116.33,92.5,104.41666666666667,88.0,76.0,76.0,114.0,83.5,109.0
gJS_sBM_cAll_d02_mJS1_ch09,gJS,sBM,cAll,d02,mJS1,ch09,90,[ 70. 142.],[144.  91.],106.0,117.5,111.75,70.0,91.0,70.0,106.0,117.5,116.5
gKR_sBM_cAll_d29_mKR5_ch05,gKR,sBM,cAll,d29,mKR5,ch05,130,[144. 137.],[120. 119.],140.5,119.5,130.0,137.0,119.0,119.0,140.5,119.5,128.5
gKR_sFM_cAll_d30_mKR3_ch18,gKR,sFM,cAll,d30,mKR3,ch18,110,[ 82. 120.  85. 141. 106.],[ 96. 112.  79.  83. 107.],106.8,95.4,101.1,82.0,79.0,79.0,106.0,96.0,101.0
gKR_sBM_cAll_d29_mKR4_ch01,gKR,sBM,cAll,d29,mKR4,ch01,120,[111.  90.],[120. 121.],100.5,120.5,110.5,90.0,120.0,90.0,100.5,120.5,115.5
gLH_sBM_cAll_d16_mLH0_ch07,gLH,sBM,cAll,d16,mLH0,ch07,80,[101. 104.],[135.  83.],102.5,109.0,105.75,101.0,83.0,83.0,102.5,109.0,102.5
gWA_sBM_cAll_d25_mWA1_ch08,gWA,sBM,cAll,d25,mWA1,ch08,90,[140.  73.],[137.  90.],106.5,113.5,110.0,73.0,90.0,73.0,106.5,113.5,113.5
gJB_sBM_cAll_d09_mJB2_ch05,gJB,sBM,cAll,d09,mJB2,ch05,100,[ 71. 137.],[102. 105.],104.0,103.5,103.75,71.0,102.0,71.0,104.0,103.5,103.5
gJS_sBM_cAll_d02_mJS0_ch09,gJS,sBM,cAll,d02,mJS0,ch09,80,[ 94. 129.],[71. 75.],111.5,73.0,92.25,94.0,71.0,71.0,111.5,73.0,84.5
gLH_sBM_cAll_d17_mLH5_ch08,gLH,sBM,cAll,d17,mLH5,ch08,130,[ 81. 120.],[132. 129.],100.5,130.5,115.5,81.0,129.0,81.0,100.5,130.5,124.5
gLO_sBM_cAll_d15_mLO4_ch05,gLO,sBM,cAll,d15,mLO4,ch05,120,[ 88. 131.],[ 88. 114.],109.5,101.0,105.25,88.0,88.0,88.0,109.5,101.0,101.0
gJS_sBM_cAll_d01_mJS1_ch09,gJS,sBM,cAll,d01,mJS1,ch09,90,[107. 140.],[ 76. 101.],123.5,88.5,106.0,107.0,76.0,76.0,123.5,88.5,104.0
gLO_sFM_cAll_d14_mLO5_ch14,gLO,sFM,cAll,d14,mLO5,ch14,130,[121.  73.  74.  99. 100.],[126. 126. 116. 118. 131.],93.4,123.4,108.4,73.0,126.0,126.0,99.0,126.0,117.0
gKR_sBM_cAll_d30_mKR4_ch09,gKR,sBM,cAll,d30,mKR4,ch09,120,[ 90. 144.],[105. 109.],117.0,107.0,112.0,90.0,105.0,90.0,117.0,107.0,107.0
gJB_sBM_cAll_d08_mJB5_ch01,gJB,sBM,cAll,d08,mJB5,ch01,130,[ 80. 137.],[103. 112.],108.5,107.5,108.0,80.0,103.0,80.0,108.5,107.5,107.5
gWA_sBM_cAll_d27_mWA5_ch10,gWA,sBM,cAll,d27,mWA5,ch10,130,[107. 140.],[131.  96.],123.5,113.5,118.5,107.0,96.0,96.0,123.5,113.5,119.0
gLH_sBM_cAll_d16_mLH2_ch02,gLH,sBM,cAll,d16,mLH2,ch02,100,[ 76. 121.],[ 93. 102.],98.5,97.5,98.0,76.0,93.0,76.0,98.5,97.5,97.5
gLH_sFM_cAll_d16_mLH2_ch03,gLH,sFM,cAll,d16,mLH2,ch03,100,[109.  70. 108.  90. 131. 103.],[134.  88. 121. 129.  89.  98.],101.83,109.83,105.83333333333333,70.0,88.0,70.0,105.5,109.5,105.5
gMH_sBM_cAll_d22_mMH2_ch05,gMH,sBM,cAll,d22,mMH2,ch05,100,[ 99. 102.],[ 98. 100.],100.5,99.0,99.75,99.0,98.0,98.0,100.5,99.0,99.5
gWA_sBM_cAll_d26_mWA4_ch02,gWA,sBM,cAll,d26,mWA4,ch02,120,[118. 126.],[131. 122.],122.0,126.5,124.25,118.0,122.0,118.0,122.0,126.5,124.0
gWA_sBM_cAll_d25_mWA1_ch07,gWA,sBM,cAll,d25,mWA1,ch07,90,[125. 109.],[135. 134.],117.0,134.5,125.75,109.0,134.0,109.0,117.0,134.5,129.5
gHO_sFM_cAll_d19_mHO0_ch01,gHO,sFM,cAll,d19,mHO0,ch01,110,[114. 111.  74. 112.  89.],[107. 111. 112. 109. 116.],100.0,111.0,105.5,74.0,107.0,111.0,111.0,111.0,111.0
gLH_sBM_cAll_d16_mLH3_ch03,gLH,sBM,cAll,d16,mLH3,ch03,110,[116. 137.],[ 70. 108.],126.5,89.0,107.75,116.0,70.0,70.0,126.5,89.0,112.0
gJS_sBM_cAll_d01_mJS2_ch01,gJS,sBM,cAll,d01,mJS2,ch01,100,[92. 72.],[96. 98.],82.0,97.0,89.5,72.0,96.0,72.0,82.0,97.0,94.0
gLH_sBM_cAll_d18_mLH4_ch03,gLH,sBM,cAll,d18,mLH4,ch03,120,[94. 93.],[123. 110.],93.5,116.5,105.0,93.0,110.0,93.0,93.5,116.5,102.0
gJB_sBM_cAll_d09_mJB4_ch08,gJB,sBM,cAll,d09,mJB4,ch08,120,[133.  70.],[122. 109.],101.5,115.5,108.5,70.0,109.0,70.0,101.5,115.5,115.5
gJB_sBM_cAll_d08_mJB4_ch06,gJB,sBM,cAll,d08,mJB4,ch06,120,[128. 101.],[71. 92.],114.5,81.5,98.0,101.0,71.0,71.0,114.5,81.5,96.5
gKR_sBM_cAll_d29_mKR5_ch03,gKR,sBM,cAll,d29,mKR5,ch03,130,[109.  98.],[ 70. 134.],103.5,102.0,102.75,98.0,70.0,70.0,103.5,102.0,103.5
gLH_sBM_cAll_d18_mLH4_ch06,gLH,sBM,cAll,d18,mLH4,ch06,120,[127. 116.],[ 96. 120.],121.5,108.0,114.75,116.0,96.0,96.0,121.5,108.0,118.0
gLO_sBM_cAll_d13_mLO0_ch02,gLO,sBM,cAll,d13,mLO0,ch02,80,[134.  81.],[88. 81.],107.5,84.5,96.0,81.0,81.0,81.0,107.5,84.5,84.5
gLO_sFM_cAll_d13_mLO2_ch03,gLO,sFM,cAll,d13,mLO2,ch03,100,[118.  89. 121. 133. 139. 102.],[135. 105.  81. 102. 139. 102.],117.0,110.67,113.83333333333333,89.0,102.0,102.0,119.5,103.5,111.5
gPO_sBM_cAll_d12_mPO4_ch02,gPO,sBM,cAll,d12,mPO4,ch02,120,[80. 77.],[121. 119.],78.5,120.0,99.25,77.0,119.0,77.0,78.5,120.0,99.5
gLO_sBM_cAll_d13_mLO2_ch04,gLO,sBM,cAll,d13,mLO2,ch04,100,[111. 108.],[111.  77.],109.5,94.0,101.75,108.0,77.0,111.0,109.5,94.0,109.5
gJS_sFM_cAll_d01_mJS4_ch05,gJS,sFM,cAll,d01,mJS4,ch05,120,[ 82. 126.  85. 105.  96.],[ 91.  97. 132. 113.  70.],98.8,100.6,99.7,82.0,70.0,70.0,96.0,97.0,96.5
gJB_sBM_cAll_d09_mJB5_ch10,gJB,sBM,cAll,d09,mJB5,ch10,130,[ 70. 107.],[144.  98.],88.5,121.0,104.75,70.0,98.0,70.0,88.5,121.0,102.5
gJS_sBM_cAll_d03_mJS4_ch02,gJS,sBM,cAll,d03,mJS4,ch02,120,[123. 134.],[74. 93.],128.5,83.5,106.0,123.0,74.0,74.0,128.5,83.5,108.0
gJB_sBM_cAll_d07_mJB0_ch09,gJB,sBM,cAll,d07,mJB0,ch09,80,[120.  77.],[80. 82.],98.5,81.0,89.75,77.0,80.0,77.0,98.5,81.0,81.0
gJS_sBM_cAll_d02_mJS4_ch01,gJS,sBM,cAll,d02,mJS4,ch01,120,[79. 74.],[70. 70.],76.5,70.0,73.25,74.0,70.0,70.0,76.5,70.0,72.0
gWA_sBM_cAll_d27_mWA4_ch04,gWA,sBM,cAll,d27,mWA4,ch04,120,[136.  71.],[109. 122.],103.5,115.5,109.5,71.0,109.0,71.0,103.5,115.5,115.5
gLO_sBM_cAll_d13_mLO3_ch05,gLO,sBM,cAll,d13,mLO3,ch05,110,[137. 111.],[109. 109.],124.0,109.0,116.5,111.0,109.0,109.0,124.0,109.0,110.0
gLO_sBM_cAll_d13_mLO0_ch08,gLO,sBM,cAll,d13,mLO0,ch08,80,[81. 80.],[81. 78.],80.5,79.5,80.0,80.0,78.0,81.0,80.5,79.5,80.5
gHO_sBM_cAll_d19_mHO2_ch03,gHO,sBM,cAll,d19,mHO2,ch03,120,[ 86. 126.],[109. 124.],106.0,116.5,111.25,86.0,109.0,86.0,106.0,116.5,116.5
gMH_sBM_cAll_d23_mMH5_ch01,gMH,sBM,cAll,d23,mMH5,ch01,130,[103. 124.],[102. 125.],113.5,113.5,113.5,103.0,102.0,102.0,113.5,113.5,113.5
gWA_sBM_cAll_d26_mWA1_ch09,gWA,sBM,cAll,d26,mWA1,ch09,90,[ 84. 100.],[101. 118.],92.0,109.5,100.75,84.0,101.0,84.0,92.0,109.5,100.5
gHO_sBM_cAll_d21_mHO2_ch02,gHO,sBM,cAll,d21,mHO2,ch02,120,[116. 117.],[116. 120.],116.5,118.0,117.25,116.0,116.0,116.0,116.5,118.0,116.5
gJS_sBM_cAll_d01_mJS3_ch04,gJS,sBM,cAll,d01,mJS3,ch04,110,[140. 100.],[71. 92.],120.0,81.5,100.75,100.0,71.0,71.0,120.0,81.5,96.0
gLH_sBM_cAll_d16_mLH2_ch01,gLH,sBM,cAll,d16,mLH2,ch01,100,[101. 102.],[106. 144.],101.5,125.0,113.25,101.0,106.0,101.0,101.5,125.0,104.0
gKR_sBM_cAll_d30_mKR4_ch03,gKR,sBM,cAll,d30,mKR4,ch03,120,[125.  90.],[87. 92.],107.5,89.5,98.5,90.0,87.0,87.0,107.5,89.5,91.0
gHO_sBM_cAll_d19_mHO2_ch08,gHO,sBM,cAll,d19,mHO2,ch08,120,[ 97. 117.],[124. 117.],107.0,120.5,113.75,97.0,117.0,117.0,107.0,120.5,117.0
gJS_sBM_cAll_d02_mJS0_ch08,gJS,sBM,cAll,d02,mJS0,ch08,80,[111. 101.],[79. 80.],106.0,79.5,92.75,101.0,79.0,79.0,106.0,79.5,90.5
gWA_sFM_cAll_d25_mWA1_ch02,gWA,sFM,cAll,d25,mWA1,ch02,90,[144. 107.  83. 111. 116. 111.  88.],[ 93.  88.  94.  80. 121. 116.  91.],108.57,97.57,103.07142857142857,111.0,80.0,88.0,111.0,93.0,100.5
gPO_sBM_cAll_d11_mPO0_ch09,gPO,sBM,cAll,d11,mPO0,ch09,80,[71. 72.],[134. 117.],71.5,125.5,98.5,71.0,117.0,71.0,71.5,125.5,94.5
gKR_sBM_cAll_d29_mKR1_ch06,gKR,sBM,cAll,d29,mKR1,ch06,90,[116. 115.],[144.  83.],115.5,113.5,114.5,115.0,83.0,83.0,115.5,113.5,115.5
gKR_sBM_cAll_d28_mKR0_ch10,gKR,sBM,cAll,d28,mKR0,ch10,80,[93. 99.],[143.  78.],96.0,110.5,103.25,93.0,78.0,78.0,96.0,110.5,96.0
gKR_sFM_cAll_d29_mKR4_ch12,gKR,sFM,cAll,d29,mKR4,ch12,120,[140. 111. 131. 112. 135.],[115. 143. 125. 105.  97.],125.8,117.0,121.4,111.0,97.0,97.0,131.0,115.0,120.0
gHO_sFM_cAll_d19_mHO1_ch02,gHO,sFM,cAll,d19,mHO1,ch02,115,[138. 132. 108. 121. 124.],[118. 116. 117. 117. 118.],124.6,117.2,120.9,108.0,117.0,117.0,124.0,117.0,118.0
gKR_sFM_cAll_d29_mKR2_ch10,gKR,sFM,cAll,d29,mKR2,ch10,100,[ 90.  96. 129. 144. 100. 142.],[112. 120. 107. 101. 117. 128.],116.83,114.17,115.5,90.0,101.0,90.0,114.5,114.5,114.5
gPO_sBM_cAll_d11_mPO4_ch10,gPO,sBM,cAll,d11,mPO4,ch10,120,[ 75. 134.],[115. 116.],104.5,115.5,110.0,75.0,115.0,75.0,104.5,115.5,115.5
gHO_sBM_cAll_d19_mHO1_ch04,gHO,sBM,cAll,d19,mHO1,ch04,115,[ 70. 119.],[108. 119.],94.5,113.5,104.0,70.0,108.0,119.0,94.5,113.5,113.5
gPO_sBM_cAll_d10_mPO2_ch06,gPO,sBM,cAll,d10,mPO2,ch06,100,[131.  89.],[95. 82.],110.0,88.5,99.25,89.0,82.0,82.0,110.0,88.5,92.0
gHO_sBM_cAll_d20_mHO4_ch05,gHO,sBM,cAll,d20,mHO4,ch05,130,[129. 130.],[128. 123.],129.5,125.5,127.5,129.0,123.0,123.0,129.5,125.5,128.5
gPO_sBM_cAll_d12_mPO5_ch03,gPO,sBM,cAll,d12,mPO5,ch03,130,[125. 128.],[125. 122.],126.5,123.5,125.0,125.0,122.0,125.0,126.5,123.5,125.0
gWA_sBM_cAll_d26_mWA1_ch07,gWA,sBM,cAll,d26,mWA1,ch07,90,[ 92. 103.],[108.  92.],97.5,100.0,98.75,92.0,92.0,92.0,97.5,100.0,97.5
gKR_sBM_cAll_d28_mKR2_ch04,gKR,sBM,cAll,d28,mKR2,ch04,100,[85. 78.],[ 94. 105.],81.5,99.5,90.5,78.0,94.0,78.0,81.5,99.5,89.5
gWA_sFM_cAll_d26_mWA2_ch10,gWA,sFM,cAll,d26,mWA2,ch10,100,[124. 120. 112. 125. 144.  99.],[ 73. 112.  95. 112. 119. 104.],120.67,102.5,111.58333333333333,99.0,112.0,112.0,122.0,108.0,112.0
gLO_sBM_cAll_d15_mLO4_ch03,gLO,sBM,cAll,d15,mLO4,ch03,120,[142. 136.],[110.  95.],139.0,102.5,120.75,136.0,95.0,95.0,139.0,102.5,123.0
gMH_sFM_cAll_d24_mMH1_ch16,gMH,sFM,cAll,d24,mMH1,ch16,90,[ 81.  99. 140.  95.  71.  93.  91.],[120. 109. 115. 144.  96.  91. 131.],95.71,115.14,105.42857142857143,71.0,91.0,91.0,93.0,115.0,97.5
gPO_sBM_cAll_d12_mPO4_ch05,gPO,sBM,cAll,d12,mPO4,ch05,120,[115.  87.],[111. 134.],101.0,122.5,111.75,87.0,111.0,87.0,101.0,122.5,113.0
gJS_sBM_cAll_d01_mJS2_ch08,gJS,sBM,cAll,d01,mJS2,ch08,100,[134. 128.],[100. 106.],131.0,103.0,117.0,128.0,100.0,100.0,131.0,103.0,117.0
gHO_sBM_cAll_d20_mHO1_ch06,gHO,sBM,cAll,d20,mHO1,ch06,115,[76. 70.],[119. 115.],73.0,117.0,95.0,70.0,115.0,70.0,73.0,117.0,95.5
gHO_sFM_cAll_d20_mHO3_ch11,gHO,sFM,cAll,d20,mHO3,ch11,125,[ 95. 144. 127.  94.  70.],[122. 124. 117. 144. 128.],106.0,127.0,116.5,70.0,117.0,144.0,95.0,124.0,123.0
gLH_sBM_cAll_d18_mLH5_ch07,gLH,sBM,cAll,d18,mLH5,ch07,130,[132. 129.],[130. 127.],130.5,128.5,129.5,129.0,127.0,127.0,130.5,128.5,129.5
gWA_sBM_cAll_d26_mWA5_ch03,gWA,sBM,cAll,d26,mWA5,ch03,130,[129.  93.],[121.  84.],111.0,102.5,106.75,93.0,84.0,84.0,111.0,102.5,107.0
gHO_sBM_cAll_d20_mHO5_ch08,gHO,sBM,cAll,d20,mHO5,ch08,135,[136.  89.],[133. 131.],112.5,132.0,122.25,89.0,131.0,89.0,112.5,132.0,132.0
gJB_sBM_cAll_d07_mJB1_ch04,gJB,sBM,cAll,d07,mJB1,ch04,90,[121.  73.],[77. 98.],97.0,87.5,92.25,73.0,77.0,73.0,97.0,87.5,87.5
